1,3
1,174
1,852
1,1239
1,1299
1,2497
1,2548
1,2828
1,2914
1,3257
1,3356
1,3549
1,3561
1,4323
1,4513
1,4544
1,4565
1,4637
1,5511
1,6395
1,6453
1,6461
1,6467
1,7176
1,7543
1,7911
1,16631
174,1
174,852
174,1239
174,2548
174,2828
174,2914
174,3356
174,3549
174,3561
174,4323
174,4513
174,4637
174,6395
174,6453
174,7132
174,7911
174,16631
577,1239
577,1299
577,3549
577,3561
577,4323
577,6453
577,6461
577,7911
852,1
852,174
852,1239
852,1299
852,3561
1221,4637
1221,7543
1239,1
1239,174
1239,577
1239,852
1239,1299
1239,1668
1239,1785
1239,2548
1239,2828
1239,2914
1239,3356
1239,3549
1239,3561
1239,4323
1239,4513
1239,4637
1239,4725
1239,4755
1239,5511
1239,6395
1239,6453
1239,6461
1239,6467
1239,7132
1239,7911
1299,1
1299,577
1299,852
1299,1239
1299,1668
1299,2914
1299,3257
1299,3356
1299,3549
1299,3561
1299,4589
1299,5511
1299,6453
1299,6461
1299,7132
1299,7176
1299,7911
1668,1239
1668,1299
1668,3356
1668,3549
1668,3561
1784,2914
1784,4323
1784,6395
1784,7911
1785,1239
1785,3561
1785,6395
1785,16631
2497,1
2497,2914
2497,3356
2497,3549
2497,4323
2497,16631
2548,1
2548,174
2548,1239
2548,2914
2548,3356
2548,4323
2828,1
2828,174
2828,1239
2828,2914
2828,3356
2828,3549
2828,3561
2828,4323
2828,6395
2914,1
2914,174
2914,1239
2914,1299
2914,1784
2914,2497
2914,2548
2914,2828
2914,3257
2914,3356
2914,3549
2914,3561
2914,4323
2914,4513
2914,4544
2914,4565
2914,4637
2914,5511
2914,6395
2914,6453
2914,6461
2914,6467
2914,6539
2914,6939
2914,7911
2914,16631
3257,1
3257,1239
3257,1299
3257,2914
3257,3356
3257,3549
3257,3561
3257,4323
3257,16631
3356,1
3356,174
3356,1239
3356,1299
3356,1668
3356,2497
3356,2548
3356,2828
3356,2914
3356,3257
3356,3549
3356,3561
3356,4513
3356,4544
3356,4565
3356,4589
3356,4637
3356,5511
3356,6395
3356,6453
3356,6461
3356,6939
3356,7543
3356,7911
3356,15412
3356,16631
3549,1
3549,174
3549,577
3549,1239
3549,1299
3549,1668
3549,2497
3549,2828
3549,2914
3549,3257
3549,3356
3549,3561
3549,3967
3549,4323
3549,4544
3549,4565
3549,5511
3549,6453
3549,6461
3549,7176
3549,16631
3561,1
3561,174
3561,577
3561,852
3561,1239
3561,1299
3561,1668
3561,2828
3561,2914
3561,3257
3561,3356
3561,3549
3561,3967
3561,4323
3561,4565
3561,4589
3561,5511
3561,6453
3561,6461
3561,6539
3561,7911
3561,15412
3561,16631
3967,3549
3967,3561
4323,1
4323,174
4323,577
4323,1239
4323,1784
4323,2497
4323,2548
4323,2828
4323,2914
4323,3257
4323,3549
4323,3561
4323,4513
4323,4565
4323,4637
4323,4725
4323,6395
4323,6461
4323,6939
4323,7132
4323,7911
4323,16631
4513,1
4513,174
4513,1239
4513,2914
4513,3356
4513,4323
4544,1
4544,2914
4544,3356
4544,3549
4544,7911
4565,1
4565,2914
4565,3356
4565,3549
4565,3561
4565,4323
4565,7911
4565,16631
4589,1299
4589,3356
4589,3561
4637,1
4637,174
4637,1221
4637,1239
4637,2914
4637,3356
4637,4323
4637,7543
4637,16631
4725,1239
4725,3549
4725,4323
4725,6461
4725,7911
4755,1239
4755,6453
5511,1
5511,1239
5511,1299
5511,2914
5511,3356
5511,3549
5511,3561
5511,6453
5669,6461
6395,1
6395,174
6395,1239
6395,1784
6395,1785
6395,2497
6395,2828
6395,2914
6395,3257
6395,3356
6395,4323
6395,4513
6395,4544
6395,4565
6395,4725
6395,6453
6395,6939
6395,7132
6395,7911
6395,16631
6453,1
6453,174
6453,577
6453,1239
6453,1299
6453,2914
6453,3356
6453,3549
6453,3561
6453,4755
6453,5511
6453,6395
6453,6461
6461,1
6461,577
6461,1239
6461,1299
6461,2914
6461,3356
6461,3549
6461,3561
6461,4323
6461,4725
6461,5669
6461,6453
6461,6467
6461,6939
6461,16631
6467,1
6467,1239
6467,2914
6467,6461
6539,2914
6539,3561
6939,2914
6939,3356
6939,4323
6939,6395
6939,6461
6939,7911
6939,16631
7132,174
7132,1239
7132,1299
7132,4323
7132,6395
7132,7911
7132,16631
7176,1299
7176,3549
7543,1
7543,1221
7543,3356
7543,4637
7911,1
7911,174
7911,577
7911,1239
7911,1299
7911,1784
7911,2914
7911,3356
7911,3549
7911,3561
7911,4323
7911,4544
7911,4565
7911,6939
7911,7132
13129,6461
15412,3356
15412,3561
16631,1
16631,174
16631,2497
16631,2914
16631,3257
16631,3356
16631,3549
16631,3561
16631,4323
16631,4565
16631,4637
16631,6461
16631,6939
16631,7132
