1|3|{30, 32}|{1, 3, 6, 9, 10, 12, 13, 14, 16, 18, 20, 21, 22, 23, 24, 25, 26, 27, 28, 29, 33, 35, 37, 38, 39, 40, 41, 42, 43, 44, 46, 47, 49, 50, 51, 54, 55, 56, 57}
1|174|{6, 25, 38, 51}|{1, 3, 9, 10, 12, 13, 14, 16, 18, 20, 21, 22, 23, 24, 26, 27, 28, 29, 30, 32, 33, 35, 37, 39, 40, 41, 42, 43, 44, 46, 47, 49, 50, 54, 55, 56, 57}
1|852|{25, 56}|{1, 3, 6, 9, 10, 12, 13, 14, 16, 18, 20, 21, 22, 23, 24, 26, 27, 28, 29, 30, 32, 33, 35, 37, 38, 39, 40, 41, 42, 43, 44, 46, 47, 49, 50, 51, 54, 55, 57}
1|1239|{6, 12, 16, 21, 25, 26, 33, 38, 40, 46, 51, 56, 57}|{1, 3, 9, 10, 13, 14, 18, 20, 22, 23, 24, 27, 28, 29, 30, 32, 35, 37, 39, 41, 42, 43, 44, 47, 49, 50, 54, 55}
1|1299|{6, 9, 25, 38, 46, 47}|{1, 3, 10, 12, 13, 14, 16, 18, 20, 21, 22, 23, 24, 26, 27, 28, 29, 30, 32, 33, 35, 37, 39, 40, 41, 42, 43, 44, 49, 50, 51, 54, 55, 56, 57}
1|2497|{9, 51}|{1, 3, 6, 10, 12, 13, 14, 16, 18, 20, 21, 22, 23, 24, 25, 26, 27, 28, 29, 30, 32, 33, 35, 37, 38, 39, 40, 41, 42, 43, 44, 46, 47, 49, 50, 54, 55, 56, 57}
1|2548|{9, 51}|{1, 3, 6, 10, 12, 13, 14, 16, 18, 20, 21, 22, 23, 24, 25, 26, 27, 28, 29, 30, 32, 33, 35, 37, 38, 39, 40, 41, 42, 43, 44, 46, 47, 49, 50, 54, 55, 56, 57}
1|2828|{9, 12, 16, 25}|{1, 3, 6, 10, 13, 14, 18, 20, 21, 22, 23, 24, 26, 27, 28, 29, 30, 32, 33, 35, 37, 38, 39, 40, 41, 42, 43, 44, 46, 47, 49, 50, 51, 54, 55, 56, 57}
1|2914|{6, 9, 25, 38, 47, 51, 55, 56}|{1, 3, 10, 12, 13, 14, 16, 18, 20, 21, 22, 23, 24, 26, 27, 28, 29, 30, 32, 33, 35, 37, 39, 40, 41, 42, 43, 44, 46, 49, 50, 54, 57}
1|3257|{12, 16, 25, 46}|{1, 3, 6, 9, 10, 13, 14, 18, 20, 21, 22, 23, 24, 26, 27, 28, 29, 30, 32, 33, 35, 37, 38, 39, 40, 41, 42, 43, 44, 47, 49, 50, 51, 54, 55, 56, 57}
1|3356|{6, 9, 14, 25, 38, 51, 55, 56}|{1, 3, 10, 12, 13, 16, 18, 20, 21, 22, 23, 24, 26, 27, 28, 29, 30, 32, 33, 35, 37, 39, 40, 41, 42, 43, 44, 46, 47, 49, 50, 54, 57}
1|3549|{1, 6, 9, 18, 21, 23, 25, 30, 49, 51}|{3, 10, 12, 13, 14, 16, 20, 22, 24, 26, 27, 28, 29, 32, 33, 35, 37, 38, 39, 40, 41, 42, 43, 44, 46, 47, 50, 54, 55, 56, 57}
1|3561|{6, 9, 14, 25, 38, 46, 51}|{1, 3, 10, 12, 13, 16, 18, 20, 21, 22, 23, 24, 26, 27, 28, 29, 30, 32, 33, 35, 37, 39, 40, 41, 42, 43, 44, 47, 49, 50, 54, 55, 56, 57}
1|4323|{12, 13, 16, 24, 25, 41, 46}|{1, 3, 6, 9, 10, 14, 18, 20, 21, 22, 23, 26, 27, 28, 29, 30, 32, 33, 35, 37, 38, 39, 40, 42, 43, 44, 47, 49, 50, 51, 54, 55, 56, 57}
1|4513|{12, 16, 25}|{1, 3, 6, 9, 10, 13, 14, 18, 20, 21, 22, 23, 24, 26, 27, 28, 29, 30, 32, 33, 35, 37, 38, 39, 40, 41, 42, 43, 44, 46, 47, 49, 50, 51, 54, 55, 56, 57}
1|4544|{9, 51}|{1, 3, 6, 10, 12, 13, 14, 16, 18, 20, 21, 22, 23, 24, 25, 26, 27, 28, 29, 30, 32, 33, 35, 37, 38, 39, 40, 41, 42, 43, 44, 46, 47, 49, 50, 54, 55, 56, 57}
1|4565|{12, 16, 25}|{1, 3, 6, 9, 10, 13, 14, 18, 20, 21, 22, 23, 24, 26, 27, 28, 29, 30, 32, 33, 35, 37, 38, 39, 40, 41, 42, 43, 44, 46, 47, 49, 50, 51, 54, 55, 56, 57}
1|4637|{6, 9, 12, 25, 38}|{1, 3, 10, 13, 14, 16, 18, 20, 21, 22, 23, 24, 26, 27, 28, 29, 30, 32, 33, 35, 37, 39, 40, 41, 42, 43, 44, 46, 47, 49, 50, 51, 54, 55, 56, 57}
1|5511|{9, 25, 51}|{1, 3, 6, 10, 12, 13, 14, 16, 18, 20, 21, 22, 23, 24, 26, 27, 28, 29, 30, 32, 33, 35, 37, 38, 39, 40, 41, 42, 43, 44, 46, 47, 49, 50, 54, 55, 56, 57}
1|6395|{6, 16, 25, 46}|{1, 3, 9, 10, 12, 13, 14, 18, 20, 21, 22, 23, 24, 26, 27, 28, 29, 30, 32, 33, 35, 37, 38, 39, 40, 41, 42, 43, 44, 47, 49, 50, 51, 54, 55, 56, 57}
1|6453|{6, 9, 25, 38, 47, 51}|{1, 3, 10, 12, 13, 14, 16, 18, 20, 21, 22, 23, 24, 26, 27, 28, 29, 30, 32, 33, 35, 37, 39, 40, 41, 42, 43, 44, 46, 49, 50, 54, 55, 56, 57}
1|6461|{9, 12, 25, 46, 51, 56}|{1, 3, 6, 10, 13, 14, 16, 18, 20, 21, 22, 23, 24, 26, 27, 28, 29, 30, 32, 33, 35, 37, 38, 39, 40, 41, 42, 43, 44, 47, 49, 50, 54, 55, 57}
1|6467|{12, 16, 25, 46}|{1, 3, 6, 9, 10, 13, 14, 18, 20, 21, 22, 23, 24, 26, 27, 28, 29, 30, 32, 33, 35, 37, 38, 39, 40, 41, 42, 43, 44, 47, 49, 50, 51, 54, 55, 56, 57}
1|7176|{3, 6, 18, 20, 22, 23, 27, 28, 29, 39, 42, 43, 44, 49, 50}|{1, 9, 10, 12, 13, 14, 16, 21, 24, 25, 26, 30, 32, 33, 35, 37, 38, 40, 41, 46, 47, 51, 54, 55, 56, 57}
1|7543|{9, 12}|{1, 3, 6, 10, 13, 14, 16, 18, 20, 21, 22, 23, 24, 25, 26, 27, 28, 29, 30, 32, 33, 35, 37, 38, 39, 40, 41, 42, 43, 44, 46, 47, 49, 50, 51, 54, 55, 56, 57}
1|7911|{12, 16, 25}|{1, 3, 6, 9, 10, 13, 14, 18, 20, 21, 22, 23, 24, 26, 27, 28, 29, 30, 32, 33, 35, 37, 38, 39, 40, 41, 42, 43, 44, 46, 47, 49, 50, 51, 54, 55, 56, 57}
1|16631|{6, 38, 46, 51}|{1, 3, 9, 10, 12, 13, 14, 16, 18, 20, 21, 22, 23, 24, 25, 26, 27, 28, 29, 30, 32, 33, 35, 37, 39, 40, 41, 42, 43, 44, 47, 49, 50, 54, 55, 56, 57}
174|1|{65, 73, 86, 96}|{61, 64, 66, 67, 69, 70, 71, 72, 74, 76, 77, 80, 85, 90, 91, 92, 94, 95, 98, 99, 100, 101, 102, 103, 107, 109, 110, 115, 117, 118}
174|852|{70, 71, 72, 86, 96}|{61, 64, 65, 66, 67, 69, 73, 74, 76, 77, 80, 85, 90, 91, 92, 94, 95, 98, 99, 100, 101, 102, 103, 107, 109, 110, 115, 117, 118}
174|1239|{64, 77, 80, 85, 86, 98, 99, 107, 115}|{61, 65, 66, 67, 69, 70, 71, 72, 73, 74, 76, 90, 91, 92, 94, 95, 96, 100, 101, 102, 103, 109, 110, 117, 118}
174|2548|{73, 110}|{61, 64, 65, 66, 67, 69, 70, 71, 72, 74, 76, 77, 80, 85, 86, 90, 91, 92, 94, 95, 96, 98, 99, 100, 101, 102, 103, 107, 109, 115, 117, 118}
174|2828|{73, 96}|{61, 64, 65, 66, 67, 69, 70, 71, 72, 74, 76, 77, 80, 85, 86, 90, 91, 92, 94, 95, 98, 99, 100, 101, 102, 103, 107, 109, 110, 115, 117, 118}
174|2914|{67, 73, 86, 90, 100, 110, 118}|{61, 64, 65, 66, 69, 70, 71, 72, 74, 76, 77, 80, 85, 91, 92, 94, 95, 96, 98, 99, 101, 102, 103, 107, 109, 115, 117}
174|3356|{66, 67, 96}|{61, 64, 65, 69, 70, 71, 72, 73, 74, 76, 77, 80, 85, 86, 90, 91, 92, 94, 95, 98, 99, 100, 101, 102, 103, 107, 109, 110, 115, 117, 118}
174|3549|{73, 98, 115, 117}|{61, 64, 65, 66, 67, 69, 70, 71, 72, 74, 76, 77, 80, 85, 86, 90, 91, 92, 94, 95, 96, 99, 100, 101, 102, 103, 107, 109, 110, 118}
174|3561|{65, 73, 86}|{61, 64, 66, 67, 69, 70, 71, 72, 74, 76, 77, 80, 85, 90, 91, 92, 94, 95, 96, 98, 99, 100, 101, 102, 103, 107, 109, 110, 115, 117, 118}
174|4323|{65, 73, 86, 96, 110, 118}|{61, 64, 66, 67, 69, 70, 71, 72, 74, 76, 77, 80, 85, 90, 91, 92, 94, 95, 98, 99, 100, 101, 102, 103, 107, 109, 115, 117}
174|4513|{73, 86, 96}|{61, 64, 65, 66, 67, 69, 70, 71, 72, 74, 76, 77, 80, 85, 90, 91, 92, 94, 95, 98, 99, 100, 101, 102, 103, 107, 109, 110, 115, 117, 118}
174|4637|{67, 73, 103}|{61, 64, 65, 66, 69, 70, 71, 72, 74, 76, 77, 80, 85, 86, 90, 91, 92, 94, 95, 96, 98, 99, 100, 101, 102, 107, 109, 110, 115, 117, 118}
174|6395|{67, 73, 86, 96, 110}|{61, 64, 65, 66, 69, 70, 71, 72, 74, 76, 77, 80, 85, 90, 91, 92, 94, 95, 98, 99, 100, 101, 102, 103, 107, 109, 115, 117, 118}
174|6453|{65, 66}|{61, 64, 67, 69, 70, 71, 72, 73, 74, 76, 77, 80, 85, 86, 90, 91, 92, 94, 95, 96, 98, 99, 100, 101, 102, 103, 107, 109, 110, 115, 117, 118}
174|7132|{65, 67, 73, 86, 110}|{61, 64, 66, 69, 70, 71, 72, 74, 76, 77, 80, 85, 90, 91, 92, 94, 95, 96, 98, 99, 100, 101, 102, 103, 107, 109, 115, 117, 118}
174|7911|{67, 69, 73, 86, 103, 110}|{61, 64, 65, 66, 70, 71, 72, 74, 76, 77, 80, 85, 90, 91, 92, 94, 95, 96, 98, 99, 100, 101, 102, 107, 109, 115, 117, 118}
174|16631|{61, 65, 66, 67, 73, 74, 76, 86, 90, 91, 92, 95, 96, 100, 101, 102, 109, 110, 118}|{64, 69, 70, 71, 72, 77, 80, 85, 94, 98, 99, 103, 107, 115, 117}
577|1239|{174, 175, 176}|{148, 159, 160, 170}
577|1299|{174, 175}|{148, 159, 160, 170, 176}
577|3549|{174, 176}|{148, 159, 160, 170, 175}
577|3561|{174, 175, 176}|{148, 159, 160, 170}
577|4323|{174, 176}|{148, 159, 160, 170, 175}
577|6453|{160, 170}|{148, 159, 174, 175, 176}
577|6461|{174, 175}|{148, 159, 160, 170, 176}
577|7911|{174, 176}|{148, 159, 160, 170, 175}
852|1|{257, 259}|{230, 235, 242, 244, 251, 253, 254, 256, 258}
852|174|{235, 242, 251, 253, 256, 258}|{230, 244, 254, 257, 259}
852|1239|{257, 259}|{230, 235, 242, 244, 251, 253, 254, 256, 258}
852|1299|{257, 258}|{230, 235, 242, 244, 251, 253, 254, 256, 259}
852|3561|{242, 244, 253, 256, 257, 259}|{230, 235, 251, 254, 258}
1221|4637|{291, 301}|{285, 299, 300, 302}
1221|7543|{285, 291}|{299, 300, 301, 302}
1239|1|{307, 309, 311, 315, 316, 325, 329, 331, 339, 349, 352, 354, 357, 359, 360}|{305, 306, 310, 312, 314, 317, 318, 320, 321, 322, 323, 324, 326, 327, 330, 332, 335, 337, 338, 340, 341, 343, 344, 345, 346, 347, 350, 353, 355, 356, 361, 362}
1239|174|{329, 356}|{305, 306, 307, 309, 310, 311, 312, 314, 315, 316, 317, 318, 320, 321, 322, 323, 324, 325, 326, 327, 330, 331, 332, 335, 337, 338, 339, 340, 341, 343, 344, 345, 346, 347, 349, 350, 352, 353, 354, 355, 357, 359, 360, 361, 362}
1239|577|{329, 349, 359}|{305, 306, 307, 309, 310, 311, 312, 314, 315, 316, 317, 318, 320, 321, 322, 323, 324, 325, 326, 327, 330, 331, 332, 335, 337, 338, 339, 340, 341, 343, 344, 345, 346, 347, 350, 352, 353, 354, 355, 356, 357, 360, 361, 362}
1239|852|{329, 359}|{305, 306, 307, 309, 310, 311, 312, 314, 315, 316, 317, 318, 320, 321, 322, 323, 324, 325, 326, 327, 330, 331, 332, 335, 337, 338, 339, 340, 341, 343, 344, 345, 346, 347, 349, 350, 352, 353, 354, 355, 356, 357, 360, 361, 362}
1239|1299|{349, 353}|{305, 306, 307, 309, 310, 311, 312, 314, 315, 316, 317, 318, 320, 321, 322, 323, 324, 325, 326, 327, 329, 330, 331, 332, 335, 337, 338, 339, 340, 341, 343, 344, 345, 346, 347, 350, 352, 354, 355, 356, 357, 359, 360, 361, 362}
1239|1668|{311, 325, 329, 357}|{305, 306, 307, 309, 310, 312, 314, 315, 316, 317, 318, 320, 321, 322, 323, 324, 326, 327, 330, 331, 332, 335, 337, 338, 339, 340, 341, 343, 344, 345, 346, 347, 349, 350, 352, 353, 354, 355, 356, 359, 360, 361, 362}
1239|1785|{315, 325, 349}|{305, 306, 307, 309, 310, 311, 312, 314, 316, 317, 318, 320, 321, 322, 323, 324, 326, 327, 329, 330, 331, 332, 335, 337, 338, 339, 340, 341, 343, 344, 345, 346, 347, 350, 352, 353, 354, 355, 356, 357, 359, 360, 361, 362}
1239|2548|{329, 349, 354, 357}|{305, 306, 307, 309, 310, 311, 312, 314, 315, 316, 317, 318, 320, 321, 322, 323, 324, 325, 326, 327, 330, 331, 332, 335, 337, 338, 339, 340, 341, 343, 344, 345, 346, 347, 350, 352, 353, 355, 356, 359, 360, 361, 362}
1239|2828|{312, 320, 349}|{305, 306, 307, 309, 310, 311, 314, 315, 316, 317, 318, 321, 322, 323, 324, 325, 326, 327, 329, 330, 331, 332, 335, 337, 338, 339, 340, 341, 343, 344, 345, 346, 347, 350, 352, 353, 354, 355, 356, 357, 359, 360, 361, 362}
1239|2914|{309, 311, 315, 322, 329, 339, 341, 349, 350, 354, 356, 357, 359, 360}|{305, 306, 307, 310, 312, 314, 316, 317, 318, 320, 321, 323, 324, 325, 326, 327, 330, 331, 332, 335, 337, 338, 340, 343, 344, 345, 346, 347, 352, 353, 355, 361, 362}
1239|3356|{309, 311, 315, 329, 349, 350, 354, 356, 357, 359, 360}|{305, 306, 307, 310, 312, 314, 316, 317, 318, 320, 321, 322, 323, 324, 325, 326, 327, 330, 331, 332, 335, 337, 338, 339, 340, 341, 343, 344, 345, 346, 347, 352, 353, 355, 361, 362}
1239|3549|{309, 311, 315, 321, 326, 329, 332, 339, 349, 356}|{305, 306, 307, 310, 312, 314, 316, 317, 318, 320, 322, 323, 324, 325, 327, 330, 331, 335, 337, 338, 340, 341, 343, 344, 345, 346, 347, 350, 352, 353, 354, 355, 357, 359, 360, 361, 362}
1239|3561|{309, 325, 326, 329, 330, 332, 339, 341, 349, 350, 354, 356, 357, 359, 360}|{305, 306, 307, 310, 311, 312, 314, 315, 316, 317, 318, 320, 321, 322, 323, 324, 327, 331, 335, 337, 338, 340, 343, 344, 345, 346, 347, 352, 353, 355, 361, 362}
1239|4323|{306, 309, 325, 329, 349, 354, 361}|{305, 307, 310, 311, 312, 314, 315, 316, 317, 318, 320, 321, 322, 323, 324, 326, 327, 330, 331, 332, 335, 337, 338, 339, 340, 341, 343, 344, 345, 346, 347, 350, 352, 353, 355, 356, 357, 359, 360, 362}
1239|4513|{315, 349}|{305, 306, 307, 309, 310, 311, 312, 314, 316, 317, 318, 320, 321, 322, 323, 324, 325, 326, 327, 329, 330, 331, 332, 335, 337, 338, 339, 340, 341, 343, 344, 345, 346, 347, 350, 352, 353, 354, 355, 356, 357, 359, 360, 361, 362}
1239|4637|{309, 315, 339, 354, 357}|{305, 306, 307, 310, 311, 312, 314, 316, 317, 318, 320, 321, 322, 323, 324, 325, 326, 327, 329, 330, 331, 332, 335, 337, 338, 340, 341, 343, 344, 345, 346, 347, 349, 350, 352, 353, 355, 356, 359, 360, 361, 362}
1239|4725|{309, 335}|{305, 306, 307, 310, 311, 312, 314, 315, 316, 317, 318, 320, 321, 322, 323, 324, 325, 326, 327, 329, 330, 331, 332, 337, 338, 339, 340, 341, 343, 344, 345, 346, 347, 349, 350, 352, 353, 354, 355, 356, 357, 359, 360, 361, 362}
1239|4755|{316, 347}|{305, 306, 307, 309, 310, 311, 312, 314, 315, 317, 318, 320, 321, 322, 323, 324, 325, 326, 327, 329, 330, 331, 332, 335, 337, 338, 339, 340, 341, 343, 344, 345, 346, 349, 350, 352, 353, 354, 355, 356, 357, 359, 360, 361, 362}
1239|5511|{312, 322, 324, 349}|{305, 306, 307, 309, 310, 311, 314, 315, 316, 317, 318, 320, 321, 323, 325, 326, 327, 329, 330, 331, 332, 335, 337, 338, 339, 340, 341, 343, 344, 345, 346, 347, 350, 352, 353, 354, 355, 356, 357, 359, 360, 361, 362}
1239|6395|{309, 329, 339}|{305, 306, 307, 310, 311, 312, 314, 315, 316, 317, 318, 320, 321, 322, 323, 324, 325, 326, 327, 330, 331, 332, 335, 337, 338, 340, 341, 343, 344, 345, 346, 347, 349, 350, 352, 353, 354, 355, 356, 357, 359, 360, 361, 362}
1239|6453|{309, 349, 354, 360}|{305, 306, 307, 310, 311, 312, 314, 315, 316, 317, 318, 320, 321, 322, 323, 324, 325, 326, 327, 329, 330, 331, 332, 335, 337, 338, 339, 340, 341, 343, 344, 345, 346, 347, 350, 352, 353, 355, 356, 357, 359, 361, 362}
1239|6461|{315, 339, 349, 356}|{305, 306, 307, 309, 310, 311, 312, 314, 316, 317, 318, 320, 321, 322, 323, 324, 325, 326, 327, 329, 330, 331, 332, 335, 337, 338, 340, 341, 343, 344, 345, 346, 347, 350, 352, 353, 354, 355, 357, 359, 360, 361, 362}
1239|6467|{325, 354}|{305, 306, 307, 309, 310, 311, 312, 314, 315, 316, 317, 318, 320, 321, 322, 323, 324, 326, 327, 329, 330, 331, 332, 335, 337, 338, 339, 340, 341, 343, 344, 345, 346, 347, 349, 350, 352, 353, 355, 356, 357, 359, 360, 361, 362}
1239|7132|{341, 349, 354}|{305, 306, 307, 309, 310, 311, 312, 314, 315, 316, 317, 318, 320, 321, 322, 323, 324, 325, 326, 327, 329, 330, 331, 332, 335, 337, 338, 339, 340, 343, 344, 345, 346, 347, 350, 352, 353, 355, 356, 357, 359, 360, 361, 362}
1239|7911|{315, 316, 339, 354}|{305, 306, 307, 309, 310, 311, 312, 314, 317, 318, 320, 321, 322, 323, 324, 325, 326, 327, 329, 330, 331, 332, 335, 337, 338, 340, 341, 343, 344, 345, 346, 347, 349, 350, 352, 353, 355, 356, 357, 359, 360, 361, 362}
1299|1|{366, 369, 370, 378, 381, 391, 393, 395}|{367, 368, 373, 374, 375, 376, 379, 382, 383, 385, 388, 390}
1299|577|{378, 381}|{366, 367, 368, 369, 370, 373, 374, 375, 376, 379, 382, 383, 385, 388, 390, 391, 393, 395}
1299|852|{378, 381}|{366, 367, 368, 369, 370, 373, 374, 375, 376, 379, 382, 383, 385, 388, 390, 391, 393, 395}
1299|1239|{381, 385, 388}|{366, 367, 368, 369, 370, 373, 374, 375, 376, 378, 379, 382, 383, 390, 391, 393, 395}
1299|1668|{374, 375, 381, 393}|{366, 367, 368, 369, 370, 373, 376, 378, 379, 382, 383, 385, 388, 390, 391, 395}
1299|2914|{369, 373, 375, 381, 391, 393}|{366, 367, 368, 370, 374, 376, 378, 379, 382, 383, 385, 388, 390, 395}
1299|3257|{373, 375, 382, 390}|{366, 367, 368, 369, 370, 374, 376, 378, 379, 381, 383, 385, 388, 391, 393, 395}
1299|3356|{366, 368, 370, 375, 381, 382, 393}|{367, 369, 373, 374, 376, 378, 379, 383, 385, 388, 390, 391, 395}
1299|3549|{381, 382, 393}|{366, 367, 368, 369, 370, 373, 374, 375, 376, 378, 379, 383, 385, 388, 390, 391, 395}
1299|3561|{373, 375, 381, 382, 393}|{366, 367, 368, 369, 370, 374, 376, 378, 379, 383, 385, 388, 390, 391, 395}
1299|4589|{373, 393}|{366, 367, 368, 369, 370, 374, 375, 376, 378, 379, 381, 382, 383, 385, 388, 390, 391, 395}
1299|5511|{367, 369, 373, 381, 388}|{366, 368, 370, 374, 375, 376, 378, 379, 382, 383, 385, 390, 391, 393, 395}
1299|6453|{381, 393}|{366, 367, 368, 369, 370, 373, 374, 375, 376, 378, 379, 382, 383, 385, 388, 390, 391, 395}
1299|6461|{375, 381, 382, 393}|{366, 367, 368, 369, 370, 373, 374, 376, 378, 379, 383, 385, 388, 390, 391, 395}
1299|7132|{366, 369, 395}|{367, 368, 370, 373, 374, 375, 376, 378, 379, 381, 382, 383, 385, 388, 390, 391, 393}
1299|7176|{375, 382}|{366, 367, 368, 369, 370, 373, 374, 376, 378, 379, 381, 383, 385, 388, 390, 391, 393, 395}
1299|7911|{378, 381}|{366, 367, 368, 369, 370, 373, 374, 375, 376, 379, 382, 383, 385, 388, 390, 391, 393, 395}
1668|1239|{401, 412, 416, 445}|{398, 399, 400, 402, 403, 405, 406, 407, 409, 413, 418, 429, 438, 440, 444, 447}
1668|1299|{412, 413, 429, 444}|{398, 399, 400, 401, 402, 403, 405, 406, 407, 409, 416, 418, 438, 440, 445, 447}
1668|3356|{406, 409, 412, 413, 416, 429, 440, 444, 445, 447}|{398, 399, 400, 401, 402, 403, 405, 407, 418, 438}
1668|3549|{409, 413}|{398, 399, 400, 401, 402, 403, 405, 406, 407, 412, 416, 418, 429, 438, 440, 444, 445, 447}
1668|3561|{406, 429}|{398, 399, 400, 401, 402, 403, 405, 407, 409, 412, 413, 416, 418, 438, 440, 444, 445, 447}
1784|2914|{450, 457}|{453, 454}
1784|4323|{453, 457}|{450, 454}
1784|6395|{453, 457}|{450, 454}
1784|7911|{453, 457}|{450, 454}
1785|1239|{461, 464, 473}|{458, 460, 463, 466, 468, 469, 470, 471, 474, 475, 476}
1785|3561|{473, 475}|{458, 460, 461, 463, 464, 466, 468, 469, 470, 471, 474, 476}
1785|6395|{463, 466, 469, 470, 471, 473, 474}|{458, 460, 461, 464, 468, 475, 476}
1785|16631|{463, 468, 473, 476}|{458, 460, 461, 464, 466, 469, 470, 471, 474, 475}
2497|1|{478, 486}|{477, 479, 480, 481, 484, 485}
2497|2914|{478, 485}|{477, 479, 480, 481, 484, 486}
2497|3356|{477, 479}|{478, 480, 481, 484, 485, 486}
2497|3549|{478, 481}|{477, 479, 480, 484, 485, 486}
2497|4323|{478, 485}|{477, 479, 480, 481, 484, 486}
2497|16631|{478, 479, 480}|{477, 481, 484, 485, 486}
2548|1|{490, 492, 524}|{491, 496, 500, 501, 502, 505, 513, 521, 525, 526, 527, 528}
2548|174|{496, 521}|{490, 491, 492, 500, 501, 502, 505, 513, 524, 525, 526, 527, 528}
2548|1239|{501, 513, 521, 524}|{490, 491, 492, 496, 500, 502, 505, 525, 526, 527, 528}
2548|2914|{490, 492, 496, 501, 525, 528}|{491, 500, 502, 505, 513, 521, 524, 526, 527}
2548|3356|{492, 513, 521}|{490, 491, 496, 500, 501, 502, 505, 524, 525, 526, 527, 528}
2548|4323|{492, 501, 521}|{490, 491, 496, 500, 502, 505, 513, 524, 525, 526, 527, 528}
2828|1|{572, 581, 586}|{571, 575, 576, 593, 604, 605, 606}
2828|174|{581, 605}|{571, 572, 575, 576, 586, 593, 604, 606}
2828|1239|{572, 581, 593}|{571, 575, 576, 586, 604, 605, 606}
2828|2914|{576, 586, 606}|{571, 572, 575, 581, 593, 604, 605}
2828|3356|{572, 576, 586, 593}|{571, 575, 581, 604, 605, 606}
2828|3549|{571, 572, 576, 586, 604}|{575, 581, 593, 605, 606}
2828|3561|{571, 572, 576, 586, 593}|{575, 581, 604, 605, 606}
2828|4323|{575, 586}|{571, 572, 576, 581, 593, 604, 605, 606}
2828|6395|{576, 581, 593}|{571, 572, 575, 586, 604, 605, 606}
2914|1|{611, 615, 629, 647, 665, 671, 675}|{610, 612, 617, 618, 619, 621, 623, 624, 625, 626, 627, 633, 636, 641, 642, 643, 645, 652, 656, 658, 663, 666, 669, 672, 673, 678}
2914|174|{618, 619, 629, 636, 656, 665, 671}|{610, 611, 612, 615, 617, 621, 623, 624, 625, 626, 627, 633, 641, 642, 643, 645, 647, 652, 658, 663, 666, 669, 672, 673, 675, 678}
2914|1239|{611, 619, 624, 629, 642, 647, 652, 665, 669, 671, 675}|{610, 612, 615, 617, 618, 621, 623, 625, 626, 627, 633, 636, 641, 643, 645, 656, 658, 663, 666, 672, 673, 678}
2914|1299|{615, 625, 627, 629, 647, 665, 669}|{610, 611, 612, 617, 618, 619, 621, 623, 624, 626, 633, 636, 641, 642, 643, 645, 652, 656, 658, 663, 666, 671, 672, 673, 675, 678}
2914|1784|{615, 671}|{610, 611, 612, 617, 618, 619, 621, 623, 624, 625, 626, 627, 629, 633, 636, 641, 642, 643, 645, 647, 652, 656, 658, 663, 665, 666, 669, 672, 673, 675, 678}
2914|2497|{615, 647}|{610, 611, 612, 617, 618, 619, 621, 623, 624, 625, 626, 627, 629, 633, 636, 641, 642, 643, 645, 652, 656, 658, 663, 665, 666, 669, 671, 672, 673, 675, 678}
2914|2548|{615, 629, 673}|{610, 611, 612, 617, 618, 619, 621, 623, 624, 625, 626, 627, 633, 636, 641, 642, 643, 645, 647, 652, 656, 658, 663, 665, 666, 669, 671, 672, 675, 678}
2914|2828|{619, 629, 672}|{610, 611, 612, 615, 617, 618, 621, 623, 624, 625, 626, 627, 633, 636, 641, 642, 643, 645, 647, 652, 656, 658, 663, 665, 666, 669, 671, 673, 675, 678}
2914|3257|{619, 629, 671}|{610, 611, 612, 615, 617, 618, 621, 623, 624, 625, 626, 627, 633, 636, 641, 642, 643, 645, 647, 652, 656, 658, 663, 665, 666, 669, 672, 673, 675, 678}
2914|3356|{611, 615, 619, 627, 629, 647, 652, 663, 665, 669, 671}|{610, 612, 617, 618, 621, 623, 624, 625, 626, 633, 636, 641, 642, 643, 645, 656, 658, 666, 672, 673, 675, 678}
2914|3549|{615, 629, 641, 652, 669, 671, 675}|{610, 611, 612, 617, 618, 619, 621, 623, 624, 625, 626, 627, 633, 636, 642, 643, 645, 647, 656, 658, 663, 665, 666, 672, 673, 678}
2914|3561|{611, 615, 623, 647, 665, 671, 675}|{610, 612, 617, 618, 619, 621, 624, 625, 626, 627, 629, 633, 636, 641, 642, 643, 645, 652, 656, 658, 663, 666, 669, 672, 673, 678}
2914|4323|{615, 619, 629, 671, 672}|{610, 611, 612, 617, 618, 621, 623, 624, 625, 626, 627, 633, 636, 641, 642, 643, 645, 647, 652, 656, 658, 663, 665, 666, 669, 673, 675, 678}
2914|4513|{629, 672}|{610, 611, 612, 615, 617, 618, 619, 621, 623, 624, 625, 626, 627, 633, 636, 641, 642, 643, 645, 647, 652, 656, 658, 663, 665, 666, 669, 671, 673, 675, 678}
2914|4544|{619, 672}|{610, 611, 612, 615, 617, 618, 621, 623, 624, 625, 626, 627, 629, 633, 636, 641, 642, 643, 645, 647, 652, 656, 658, 663, 665, 666, 669, 671, 673, 675, 678}
2914|4565|{629, 672}|{610, 611, 612, 615, 617, 618, 619, 621, 623, 624, 625, 626, 627, 633, 636, 641, 642, 643, 645, 647, 652, 656, 658, 663, 665, 666, 669, 671, 673, 675, 678}
2914|4637|{615, 671}|{610, 611, 612, 617, 618, 619, 621, 623, 624, 625, 626, 627, 629, 633, 636, 641, 642, 643, 645, 647, 652, 656, 658, 663, 665, 666, 669, 672, 673, 675, 678}
2914|5511|{615, 669, 671}|{610, 611, 612, 617, 618, 619, 621, 623, 624, 625, 626, 627, 629, 633, 636, 641, 642, 643, 645, 647, 652, 656, 658, 663, 665, 666, 672, 673, 675, 678}
2914|6395|{619, 629, 672}|{610, 611, 612, 615, 617, 618, 621, 623, 624, 625, 626, 627, 633, 636, 641, 642, 643, 645, 647, 652, 656, 658, 663, 665, 666, 669, 671, 673, 675, 678}
2914|6453|{611, 615, 629, 671, 675}|{610, 612, 617, 618, 619, 621, 623, 624, 625, 626, 627, 633, 636, 641, 642, 643, 645, 647, 652, 656, 658, 663, 665, 666, 669, 672, 673, 678}
2914|6461|{615, 629, 647, 665, 671, 675}|{610, 611, 612, 617, 618, 619, 621, 623, 624, 625, 626, 627, 633, 636, 641, 642, 643, 645, 652, 656, 658, 663, 666, 669, 672, 673, 678}
2914|6467|{619, 629, 672}|{610, 611, 612, 615, 617, 618, 621, 623, 624, 625, 626, 627, 633, 636, 641, 642, 643, 645, 647, 652, 656, 658, 663, 665, 666, 669, 671, 673, 675, 678}
2914|6539|{629, 647, 675}|{610, 611, 612, 615, 617, 618, 619, 621, 623, 624, 625, 626, 627, 633, 636, 641, 642, 643, 645, 652, 656, 658, 663, 665, 666, 669, 671, 672, 673, 678}
2914|6939|{615, 629, 647, 672}|{610, 611, 612, 617, 618, 619, 621, 623, 624, 625, 626, 627, 633, 636, 641, 642, 643, 645, 652, 656, 658, 663, 665, 666, 669, 671, 673, 675, 678}
2914|7911|{615, 629, 647, 665, 671, 672}|{610, 611, 612, 617, 618, 619, 621, 623, 624, 625, 626, 627, 633, 636, 641, 642, 643, 645, 652, 656, 658, 663, 666, 669, 673, 675, 678}
2914|16631|{611, 615, 618, 624, 629, 672}|{610, 612, 617, 619, 621, 623, 625, 626, 627, 633, 636, 641, 642, 643, 645, 647, 652, 656, 658, 663, 665, 666, 669, 671, 673, 675, 678}
3257|1|{682, 684, 706, 718}|{679, 681, 683, 685, 686, 693, 695, 707, 709, 710, 711, 712, 715, 716, 717, 719}
3257|1239|{679, 681, 683, 685, 686, 693, 695, 707, 710, 711, 712, 715, 716, 717, 719}|{682, 684, 706, 709, 718}
3257|1299|{686, 695, 710, 717}|{679, 681, 682, 683, 684, 685, 693, 706, 707, 709, 711, 712, 715, 716, 718, 719}
3257|2914|{682, 684, 709}|{679, 681, 683, 685, 686, 693, 695, 706, 707, 710, 711, 712, 715, 716, 717, 718, 719}
3257|3356|{706, 709}|{679, 681, 682, 683, 684, 685, 686, 693, 695, 707, 710, 711, 712, 715, 716, 717, 718, 719}
3257|3549|{695, 710, 719}|{679, 681, 682, 683, 684, 685, 686, 693, 706, 707, 709, 711, 712, 715, 716, 717, 718}
3257|3561|{686, 695, 710, 719}|{679, 681, 682, 683, 684, 685, 693, 706, 707, 709, 711, 712, 715, 716, 717, 718}
3257|4323|{682, 684, 709, 718}|{679, 681, 683, 685, 686, 693, 695, 706, 707, 710, 711, 712, 715, 716, 717, 719}
3257|16631|{682, 684, 706}|{679, 681, 683, 685, 686, 693, 695, 707, 709, 710, 711, 712, 715, 716, 717, 718, 719}
3356|1|{777, 782, 785, 787, 799, 816, 837}|{776, 778, 781, 788, 791, 792, 795, 796, 803, 809, 817, 829, 833, 835}
3356|174|{782, 816}|{776, 777, 778, 781, 785, 787, 788, 791, 792, 795, 796, 799, 803, 809, 817, 829, 833, 835, 837}
3356|1239|{777, 782, 787, 799, 816, 817, 829, 833, 837}|{776, 778, 781, 785, 788, 791, 792, 795, 796, 803, 809, 835}
3356|1299|{777, 782, 795, 816, 817, 833}|{776, 778, 781, 785, 787, 788, 791, 792, 796, 799, 803, 809, 829, 835, 837}
3356|1668|{782, 787, 792, 795, 799, 816, 829, 833}|{776, 777, 778, 781, 785, 788, 791, 796, 803, 809, 817, 835, 837}
3356|2497|{782, 787}|{776, 777, 778, 781, 785, 788, 791, 792, 795, 796, 799, 803, 809, 816, 817, 829, 833, 835, 837}
3356|2548|{778, 816, 829}|{776, 777, 781, 782, 785, 787, 788, 791, 792, 795, 796, 799, 803, 809, 817, 833, 835, 837}
3356|2828|{782, 799, 816}|{776, 777, 778, 781, 785, 787, 788, 791, 792, 795, 796, 803, 809, 817, 829, 833, 835, 837}
3356|2914|{777, 782, 787, 795, 799, 816, 829, 833}|{776, 778, 781, 785, 788, 791, 792, 796, 803, 809, 817, 835, 837}
3356|3257|{782, 787}|{776, 777, 778, 781, 785, 788, 791, 792, 795, 796, 799, 803, 809, 816, 817, 829, 833, 835, 837}
3356|3549|{777, 778, 795, 816, 817, 829, 833}|{776, 781, 782, 785, 787, 788, 791, 792, 796, 799, 803, 809, 835, 837}
3356|3561|{782, 787, 791, 795, 799, 816, 817, 829}|{776, 777, 778, 781, 785, 788, 792, 796, 803, 809, 833, 835, 837}
3356|4513|{782, 787, 833}|{776, 777, 778, 781, 785, 788, 791, 792, 795, 796, 799, 803, 809, 816, 817, 829, 835, 837}
3356|4544|{782, 787}|{776, 777, 778, 781, 785, 788, 791, 792, 795, 796, 799, 803, 809, 816, 817, 829, 833, 835, 837}
3356|4565|{778, 787}|{776, 777, 781, 782, 785, 788, 791, 792, 795, 796, 799, 803, 809, 816, 817, 829, 833, 835, 837}
3356|4589|{776, 795, 833}|{777, 778, 781, 782, 785, 787, 788, 791, 792, 796, 799, 803, 809, 816, 817, 829, 835, 837}
3356|4637|{777, 782, 787, 829}|{776, 778, 781, 785, 788, 791, 792, 795, 796, 799, 803, 809, 816, 817, 833, 835, 837}
3356|5511|{782, 791, 792, 799, 816, 833}|{776, 777, 778, 781, 785, 787, 788, 795, 796, 803, 809, 817, 829, 835, 837}
3356|6395|{781, 816, 829}|{776, 777, 778, 782, 785, 787, 788, 791, 792, 795, 796, 799, 803, 809, 817, 833, 835, 837}
3356|6453|{777, 782, 787, 816, 833, 835, 837}|{776, 778, 781, 785, 788, 791, 792, 795, 796, 799, 803, 809, 817, 829}
3356|6461|{778, 787, 795, 799, 816, 817, 833}|{776, 777, 781, 782, 785, 788, 791, 792, 796, 803, 809, 829, 835, 837}
3356|6939|{782, 787}|{776, 777, 778, 781, 785, 788, 791, 792, 795, 796, 799, 803, 809, 816, 817, 829, 833, 835, 837}
3356|7543|{778, 782}|{776, 777, 781, 785, 787, 788, 791, 792, 795, 796, 799, 803, 809, 816, 817, 829, 833, 835, 837}
3356|7911|{782, 787, 816}|{776, 777, 778, 781, 785, 788, 791, 792, 795, 796, 799, 803, 809, 817, 829, 833, 835, 837}
3356|15412|{781, 816}|{776, 777, 778, 782, 785, 787, 788, 791, 792, 795, 796, 799, 803, 809, 817, 829, 833, 835, 837}
3356|16631|{777, 787}|{776, 778, 781, 782, 785, 788, 791, 792, 795, 796, 799, 803, 809, 816, 817, 829, 833, 835, 837}
3549|1|{838, 844, 845, 855, 858, 859, 861, 867, 894, 895}|{841, 842, 848, 850, 853, 854, 856, 857, 860, 862, 863, 866, 868, 874, 876, 887, 888, 896, 897, 898}
3549|174|{853, 876, 894, 895}|{838, 841, 842, 844, 845, 848, 850, 854, 855, 856, 857, 858, 859, 860, 861, 862, 863, 866, 867, 868, 874, 887, 888, 896, 897, 898}
3549|577|{861, 896}|{838, 841, 842, 844, 845, 848, 850, 853, 854, 855, 856, 857, 858, 859, 860, 862, 863, 866, 867, 868, 874, 876, 887, 888, 894, 895, 897, 898}
3549|1239|{844, 848, 853, 854, 859, 861, 862, 874, 894}|{838, 841, 842, 845, 850, 855, 856, 857, 858, 860, 863, 866, 867, 868, 876, 887, 888, 895, 896, 897, 898}
3549|1299|{874, 876, 894}|{838, 841, 842, 844, 845, 848, 850, 853, 854, 855, 856, 857, 858, 859, 860, 861, 862, 863, 866, 867, 868, 887, 888, 895, 896, 897, 898}
3549|1668|{853, 859}|{838, 841, 842, 844, 845, 848, 850, 854, 855, 856, 857, 858, 860, 861, 862, 863, 866, 867, 868, 874, 876, 887, 888, 894, 895, 896, 897, 898}
3549|2497|{845, 863}|{838, 841, 842, 844, 848, 850, 853, 854, 855, 856, 857, 858, 859, 860, 861, 862, 866, 867, 868, 874, 876, 887, 888, 894, 895, 896, 897, 898}
3549|2828|{844, 845, 861, 894}|{838, 841, 842, 848, 850, 853, 854, 855, 856, 857, 858, 859, 860, 862, 863, 866, 867, 868, 874, 876, 887, 888, 895, 896, 897, 898}
3549|2914|{845, 861, 868, 876, 894, 895, 896}|{838, 841, 842, 844, 848, 850, 853, 854, 855, 856, 857, 858, 859, 860, 862, 863, 866, 867, 874, 887, 888, 897, 898}
3549|3257|{859, 894}|{838, 841, 842, 844, 845, 848, 850, 853, 854, 855, 856, 857, 858, 860, 861, 862, 863, 866, 867, 868, 874, 876, 887, 888, 895, 896, 897, 898}
3549|3356|{844, 845, 859, 874, 876, 887, 894}|{838, 841, 842, 848, 850, 853, 854, 855, 856, 857, 858, 860, 861, 862, 863, 866, 867, 868, 888, 895, 896, 897, 898}
3549|3561|{845, 853, 861, 874, 894, 896}|{838, 841, 842, 844, 848, 850, 854, 855, 856, 857, 858, 859, 860, 862, 863, 866, 867, 868, 876, 887, 888, 895, 897, 898}
3549|3967|{874, 894}|{838, 841, 842, 844, 845, 848, 850, 853, 854, 855, 856, 857, 858, 859, 860, 861, 862, 863, 866, 867, 868, 876, 887, 888, 895, 896, 897, 898}
3549|4323|{845, 853, 895}|{838, 841, 842, 844, 848, 850, 854, 855, 856, 857, 858, 859, 860, 861, 862, 863, 866, 867, 868, 874, 876, 887, 888, 894, 896, 897, 898}
3549|4544|{845, 853}|{838, 841, 842, 844, 848, 850, 854, 855, 856, 857, 858, 859, 860, 861, 862, 863, 866, 867, 868, 874, 876, 887, 888, 894, 895, 896, 897, 898}
3549|4565|{850, 853}|{838, 841, 842, 844, 845, 848, 854, 855, 856, 857, 858, 859, 860, 861, 862, 863, 866, 867, 868, 874, 876, 887, 888, 894, 895, 896, 897, 898}
3549|5511|{845, 857, 866, 876, 894, 897}|{838, 841, 842, 844, 848, 850, 853, 854, 855, 856, 858, 859, 860, 861, 862, 863, 867, 868, 874, 887, 888, 895, 896, 898}
3549|6453|{845, 874, 894}|{838, 841, 842, 844, 848, 850, 853, 854, 855, 856, 857, 858, 859, 860, 861, 862, 863, 866, 867, 868, 876, 887, 888, 895, 896, 897, 898}
3549|6461|{845, 859, 861, 894}|{838, 841, 842, 844, 848, 850, 853, 854, 855, 856, 857, 858, 860, 862, 863, 866, 867, 868, 874, 876, 887, 888, 895, 896, 897, 898}
3549|7176|{842, 859, 876, 894}|{838, 841, 844, 845, 848, 850, 853, 854, 855, 856, 857, 858, 860, 861, 862, 863, 866, 867, 868, 874, 887, 888, 895, 896, 897, 898}
3549|16631|{845, 874}|{838, 841, 842, 844, 848, 850, 853, 854, 855, 856, 857, 858, 859, 860, 861, 862, 863, 866, 867, 868, 876, 887, 888, 894, 895, 896, 897, 898}
3561|1|{903, 906, 911, 948, 964, 980, 989}|{899, 904, 905, 907, 908, 909, 910, 912, 913, 915, 917, 918, 919, 930, 931, 940, 950, 951, 955, 956, 957, 958, 959, 960, 961, 962, 963, 965, 968, 969, 970, 971, 978, 982, 983, 985, 988, 990, 991}
3561|174|{905, 948, 989}|{899, 903, 904, 906, 907, 908, 909, 910, 911, 912, 913, 915, 917, 918, 919, 930, 931, 940, 950, 951, 955, 956, 957, 958, 959, 960, 961, 962, 963, 964, 965, 968, 969, 970, 971, 978, 980, 982, 983, 985, 988, 990, 991}
3561|577|{948, 963, 991}|{899, 903, 904, 905, 906, 907, 908, 909, 910, 911, 912, 913, 915, 917, 918, 919, 930, 931, 940, 950, 951, 955, 956, 957, 958, 959, 960, 961, 962, 964, 965, 968, 969, 970, 971, 978, 980, 982, 983, 985, 988, 989, 990}
3561|852|{948, 964, 991}|{899, 903, 904, 905, 906, 907, 908, 909, 910, 911, 912, 913, 915, 917, 918, 919, 930, 931, 940, 950, 951, 955, 956, 957, 958, 959, 960, 961, 962, 963, 965, 968, 969, 970, 971, 978, 980, 982, 983, 985, 988, 989, 990}
3561|1239|{903, 919, 930, 948, 951, 958, 960, 964, 965, 980, 985, 989, 991}|{899, 904, 905, 906, 907, 908, 909, 910, 911, 912, 913, 915, 917, 918, 931, 940, 950, 955, 956, 957, 959, 961, 962, 963, 968, 969, 970, 971, 978, 982, 983, 988, 990}
3561|1299|{918, 930, 964, 965, 985}|{899, 903, 904, 905, 906, 907, 908, 909, 910, 911, 912, 913, 915, 917, 919, 931, 940, 948, 950, 951, 955, 956, 957, 958, 959, 960, 961, 962, 963, 968, 969, 970, 971, 978, 980, 982, 983, 988, 989, 990, 991}
3561|1668|{909, 964}|{899, 903, 904, 905, 906, 907, 908, 910, 911, 912, 913, 915, 917, 918, 919, 930, 931, 940, 948, 950, 951, 955, 956, 957, 958, 959, 960, 961, 962, 963, 965, 968, 969, 970, 971, 978, 980, 982, 983, 985, 988, 989, 990, 991}
3561|2828|{903, 906, 948, 964}|{899, 904, 905, 907, 908, 909, 910, 911, 912, 913, 915, 917, 918, 919, 930, 931, 940, 950, 951, 955, 956, 957, 958, 959, 960, 961, 962, 963, 965, 968, 969, 970, 971, 978, 980, 982, 983, 985, 988, 989, 990, 991}
3561|2914|{903, 906, 909, 917, 964, 980, 989, 991}|{899, 904, 905, 907, 908, 910, 911, 912, 913, 915, 918, 919, 930, 931, 940, 948, 950, 951, 955, 956, 957, 958, 959, 960, 961, 962, 963, 965, 968, 969, 970, 971, 978, 982, 983, 985, 988, 990}
3561|3257|{918, 930, 965}|{899, 903, 904, 905, 906, 907, 908, 909, 910, 911, 912, 913, 915, 917, 919, 931, 940, 948, 950, 951, 955, 956, 957, 958, 959, 960, 961, 962, 963, 964, 968, 969, 970, 971, 978, 980, 982, 983, 985, 988, 989, 990, 991}
3561|3356|{908, 915, 918, 930, 948, 964, 965, 980, 989, 991}|{899, 903, 904, 905, 906, 907, 909, 910, 911, 912, 913, 917, 919, 931, 940, 950, 951, 955, 956, 957, 958, 959, 960, 961, 962, 963, 968, 969, 970, 971, 978, 982, 983, 985, 988, 990}
3561|3549|{903, 906, 915, 930, 948, 964, 985, 989, 991}|{899, 904, 905, 907, 908, 909, 910, 911, 912, 913, 917, 918, 919, 931, 940, 950, 951, 955, 956, 957, 958, 959, 960, 961, 962, 963, 965, 968, 969, 970, 971, 978, 980, 982, 983, 988, 990}
3561|3967|{904, 906, 909, 910, 915, 948, 950, 955, 956, 957, 962, 964, 988, 990}|{899, 903, 905, 907, 908, 911, 912, 913, 917, 918, 919, 930, 931, 940, 951, 958, 959, 960, 961, 963, 965, 968, 969, 970, 971, 978, 980, 982, 983, 985, 989, 991}
3561|4323|{906, 991}|{899, 903, 904, 905, 907, 908, 909, 910, 911, 912, 913, 915, 917, 918, 919, 930, 931, 940, 948, 950, 951, 955, 956, 957, 958, 959, 960, 961, 962, 963, 964, 965, 968, 969, 970, 971, 978, 980, 982, 983, 985, 988, 989, 990}
3561|4565|{906, 915}|{899, 903, 904, 905, 907, 908, 909, 910, 911, 912, 913, 917, 918, 919, 930, 931, 940, 948, 950, 951, 955, 956, 957, 958, 959, 960, 961, 962, 963, 964, 965, 968, 969, 970, 971, 978, 980, 982, 983, 985, 988, 989, 990, 991}
3561|4589|{931, 964, 985}|{899, 903, 904, 905, 906, 907, 908, 909, 910, 911, 912, 913, 915, 917, 918, 919, 930, 940, 948, 950, 951, 955, 956, 957, 958, 959, 960, 961, 962, 963, 965, 968, 969, 970, 971, 978, 980, 982, 983, 988, 989, 990, 991}
3561|5511|{906, 964}|{899, 903, 904, 905, 907, 908, 909, 910, 911, 912, 913, 915, 917, 918, 919, 930, 931, 940, 948, 950, 951, 955, 956, 957, 958, 959, 960, 961, 962, 963, 965, 968, 969, 970, 971, 978, 980, 982, 983, 985, 988, 989, 990, 991}
3561|6453|{913, 915, 964, 985}|{899, 903, 904, 905, 906, 907, 908, 909, 910, 911, 912, 917, 918, 919, 930, 931, 940, 948, 950, 951, 955, 956, 957, 958, 959, 960, 961, 962, 963, 965, 968, 969, 970, 971, 978, 980, 982, 983, 988, 989, 990, 991}
3561|6461|{899, 903, 907, 909, 911, 915, 917, 919, 930, 948, 956, 959, 960, 961, 964, 968, 971, 978, 980, 982, 983, 989, 991}|{904, 905, 906, 908, 910, 912, 913, 918, 931, 940, 950, 951, 955, 957, 958, 962, 963, 965, 969, 970, 985, 988, 990}
3561|6539|{948, 964, 991}|{899, 903, 904, 905, 906, 907, 908, 909, 910, 911, 912, 913, 915, 917, 918, 919, 930, 931, 940, 950, 951, 955, 956, 957, 958, 959, 960, 961, 962, 963, 965, 968, 969, 970, 971, 978, 980, 982, 983, 985, 988, 989, 990}
3561|7911|{906, 907, 948, 969, 980, 989}|{899, 903, 904, 905, 908, 909, 910, 911, 912, 913, 915, 917, 918, 919, 930, 931, 940, 950, 951, 955, 956, 957, 958, 959, 960, 961, 962, 963, 964, 965, 968, 970, 971, 978, 982, 983, 985, 988, 990, 991}
3561|15412|{909, 964}|{899, 903, 904, 905, 906, 907, 908, 910, 911, 912, 913, 915, 917, 918, 919, 930, 931, 940, 948, 950, 951, 955, 956, 957, 958, 959, 960, 961, 962, 963, 965, 968, 969, 970, 971, 978, 980, 982, 983, 985, 988, 989, 990, 991}
3561|16631|{906, 907, 917, 989}|{899, 903, 904, 905, 908, 909, 910, 911, 912, 913, 915, 918, 919, 930, 931, 940, 948, 950, 951, 955, 956, 957, 958, 959, 960, 961, 962, 963, 964, 965, 968, 969, 970, 971, 978, 980, 982, 983, 985, 988, 990, 991}
3967|3549|{1016, 1017}|{1003, 1005, 1006, 1007, 1008, 1009, 1010, 1011, 1012, 1013, 1014, 1015, 1018, 1019}
3967|3561|{1003, 1005, 1008, 1009, 1010, 1011, 1012, 1013, 1014, 1015, 1016, 1018, 1019}|{1006, 1007, 1017}
4323|1|{1040, 1042, 1047, 1049, 1064, 1068, 1075}|{1028, 1029, 1030, 1033, 1038, 1041, 1044, 1046, 1052, 1058, 1060, 1067, 1070, 1072, 1073, 1076, 1078}
4323|174|{1044, 1049, 1068, 1078}|{1028, 1029, 1030, 1033, 1038, 1040, 1041, 1042, 1046, 1047, 1052, 1058, 1060, 1064, 1067, 1070, 1072, 1073, 1075, 1076}
4323|577|{1049, 1076}|{1028, 1029, 1030, 1033, 1038, 1040, 1041, 1042, 1044, 1046, 1047, 1052, 1058, 1060, 1064, 1067, 1068, 1070, 1072, 1073, 1075, 1078}
4323|1239|{1029, 1030, 1033, 1046, 1049, 1058, 1068, 1078}|{1028, 1038, 1040, 1041, 1042, 1044, 1047, 1052, 1060, 1064, 1067, 1070, 1072, 1073, 1075, 1076}
4323|1784|{1049, 1075}|{1028, 1029, 1030, 1033, 1038, 1040, 1041, 1042, 1044, 1046, 1047, 1052, 1058, 1060, 1064, 1067, 1068, 1070, 1072, 1073, 1076, 1078}
4323|2497|{1038, 1058}|{1028, 1029, 1030, 1033, 1040, 1041, 1042, 1044, 1046, 1047, 1049, 1052, 1060, 1064, 1067, 1068, 1070, 1072, 1073, 1075, 1076, 1078}
4323|2548|{1041, 1049, 1068}|{1028, 1029, 1030, 1033, 1038, 1040, 1042, 1044, 1046, 1047, 1052, 1058, 1060, 1064, 1067, 1070, 1072, 1073, 1075, 1076, 1078}
4323|2828|{1040, 1049}|{1028, 1029, 1030, 1033, 1038, 1041, 1042, 1044, 1046, 1047, 1052, 1058, 1060, 1064, 1067, 1068, 1070, 1072, 1073, 1075, 1076, 1078}
4323|2914|{1038, 1040, 1049, 1075}|{1028, 1029, 1030, 1033, 1041, 1042, 1044, 1046, 1047, 1052, 1058, 1060, 1064, 1067, 1068, 1070, 1072, 1073, 1076, 1078}
4323|3257|{1040, 1058, 1068, 1075}|{1028, 1029, 1030, 1033, 1038, 1041, 1042, 1044, 1046, 1047, 1049, 1052, 1060, 1064, 1067, 1070, 1072, 1073, 1076, 1078}
4323|3549|{1038, 1044, 1058, 1072, 1075}|{1028, 1029, 1030, 1033, 1040, 1041, 1042, 1046, 1047, 1049, 1052, 1060, 1064, 1067, 1068, 1070, 1073, 1076, 1078}
4323|3561|{1038, 1076}|{1028, 1029, 1030, 1033, 1040, 1041, 1042, 1044, 1046, 1047, 1049, 1052, 1058, 1060, 1064, 1067, 1068, 1070, 1072, 1073, 1075, 1078}
4323|4513|{1038, 1040, 1049, 1058, 1075, 1076}|{1028, 1029, 1030, 1033, 1041, 1042, 1044, 1046, 1047, 1052, 1060, 1064, 1067, 1068, 1070, 1072, 1073, 1078}
4323|4565|{1038, 1040, 1049, 1068, 1075, 1076}|{1028, 1029, 1030, 1033, 1041, 1042, 1044, 1046, 1047, 1052, 1058, 1060, 1064, 1067, 1070, 1072, 1073, 1078}
4323|4637|{1058, 1068}|{1028, 1029, 1030, 1033, 1038, 1040, 1041, 1042, 1044, 1046, 1047, 1049, 1052, 1060, 1064, 1067, 1070, 1072, 1073, 1075, 1076, 1078}
4323|4725|{1038, 1075}|{1028, 1029, 1030, 1033, 1040, 1041, 1042, 1044, 1046, 1047, 1049, 1052, 1058, 1060, 1064, 1067, 1068, 1070, 1072, 1073, 1076, 1078}
4323|6395|{1049, 1052, 1058, 1068, 1070, 1075}|{1028, 1029, 1030, 1033, 1038, 1040, 1041, 1042, 1044, 1046, 1047, 1060, 1064, 1067, 1072, 1073, 1076, 1078}
4323|6461|{1040, 1049, 1058, 1075, 1076}|{1028, 1029, 1030, 1033, 1038, 1041, 1042, 1044, 1046, 1047, 1052, 1060, 1064, 1067, 1068, 1070, 1072, 1073, 1078}
4323|6939|{1038, 1058}|{1028, 1029, 1030, 1033, 1040, 1041, 1042, 1044, 1046, 1047, 1049, 1052, 1060, 1064, 1067, 1068, 1070, 1072, 1073, 1075, 1076, 1078}
4323|7132|{1038, 1040, 1049, 1068, 1075, 1076}|{1028, 1029, 1030, 1033, 1041, 1042, 1044, 1046, 1047, 1052, 1058, 1060, 1064, 1067, 1070, 1072, 1073, 1078}
4323|7911|{1049, 1068, 1072, 1073}|{1028, 1029, 1030, 1033, 1038, 1040, 1041, 1042, 1044, 1046, 1047, 1052, 1058, 1060, 1064, 1067, 1070, 1075, 1076, 1078}
4323|16631|{1044, 1068}|{1028, 1029, 1030, 1033, 1038, 1040, 1041, 1042, 1046, 1047, 1049, 1052, 1058, 1060, 1064, 1067, 1070, 1072, 1073, 1075, 1076, 1078}
4513|1|{1083, 1084, 1087}|{1081, 1082, 1089, 1091, 1092}
4513|174|{1084, 1087, 1089}|{1081, 1082, 1083, 1091, 1092}
4513|1239|{1083, 1089}|{1081, 1082, 1084, 1087, 1091, 1092}
4513|2914|{1084, 1087}|{1081, 1082, 1083, 1089, 1091, 1092}
4513|3356|{1081, 1084, 1091}|{1082, 1083, 1087, 1089, 1092}
4513|4323|{1081, 1083, 1084, 1087, 1089, 1092}|{1082, 1091}
4544|1|{1094, 1104}|{1095, 1096, 1097, 1098, 1099, 1101, 1103, 1105, 1106}
4544|2914|{1094, 1097, 1099}|{1095, 1096, 1098, 1101, 1103, 1104, 1105, 1106}
4544|3356|{1094, 1098, 1104}|{1095, 1096, 1097, 1099, 1101, 1103, 1105, 1106}
4544|3549|{1094, 1099}|{1095, 1096, 1097, 1098, 1101, 1103, 1104, 1105, 1106}
4544|7911|{1101, 1103, 1105}|{1094, 1095, 1096, 1097, 1098, 1099, 1104, 1106}
4565|1|{1109, 1112, 1115}|{1107, 1108, 1110, 1111, 1113, 1114, 1116, 1118, 1121, 1124, 1127}
4565|2914|{1112, 1115}|{1107, 1108, 1109, 1110, 1111, 1113, 1114, 1116, 1118, 1121, 1124, 1127}
4565|3356|{1109, 1112}|{1107, 1108, 1110, 1111, 1113, 1114, 1115, 1116, 1118, 1121, 1124, 1127}
4565|3549|{1111, 1112}|{1107, 1108, 1109, 1110, 1113, 1114, 1115, 1116, 1118, 1121, 1124, 1127}
4565|3561|{1107, 1108, 1109, 1112}|{1110, 1111, 1113, 1114, 1115, 1116, 1118, 1121, 1124, 1127}
4565|4323|{1107, 1108, 1109, 1112, 1115, 1124, 1127}|{1110, 1111, 1113, 1114, 1116, 1118, 1121}
4565|7911|{1109, 1112, 1115, 1127}|{1107, 1108, 1110, 1111, 1113, 1114, 1116, 1118, 1121, 1124}
4565|16631|{1108, 1109, 1112, 1115, 1124}|{1107, 1110, 1111, 1113, 1114, 1116, 1118, 1121, 1127}
4589|1299|{1129, 1148}|{1128, 1134, 1135, 1138, 1139, 1142, 1143}
4589|3356|{1128, 1134, 1148}|{1129, 1135, 1138, 1139, 1142, 1143}
4589|3561|{1135, 1138, 1148}|{1128, 1129, 1134, 1139, 1142, 1143}
4637|1|{1155, 1156, 1158, 1161, 1166}|{1152, 1153, 1154, 1157, 1159, 1163, 1164, 1167, 1168, 1169, 1170, 1171, 1175, 1176, 1177, 1178}
4637|174|{1158, 1159, 1163}|{1152, 1153, 1154, 1155, 1156, 1157, 1161, 1164, 1166, 1167, 1168, 1169, 1170, 1171, 1175, 1176, 1177, 1178}
4637|1221|{1152, 1153, 1155, 1156, 1158, 1175, 1177}|{1154, 1157, 1159, 1161, 1163, 1164, 1166, 1167, 1168, 1169, 1170, 1171, 1176, 1178}
4637|1239|{1154, 1158, 1164, 1168, 1171}|{1152, 1153, 1155, 1156, 1157, 1159, 1161, 1163, 1166, 1167, 1169, 1170, 1175, 1176, 1177, 1178}
4637|2914|{1156, 1171}|{1152, 1153, 1154, 1155, 1157, 1158, 1159, 1161, 1163, 1164, 1166, 1167, 1168, 1169, 1170, 1175, 1176, 1177, 1178}
4637|3356|{1155, 1158, 1159, 1168}|{1152, 1153, 1154, 1156, 1157, 1161, 1163, 1164, 1166, 1167, 1169, 1170, 1171, 1175, 1176, 1177, 1178}
4637|4323|{1166, 1168}|{1152, 1153, 1154, 1155, 1156, 1157, 1158, 1159, 1161, 1163, 1164, 1167, 1169, 1170, 1171, 1175, 1176, 1177, 1178}
4637|7543|{1152, 1169}|{1153, 1154, 1155, 1156, 1157, 1158, 1159, 1161, 1163, 1164, 1166, 1167, 1168, 1170, 1171, 1175, 1176, 1177, 1178}
4637|16631|{1158, 1159}|{1152, 1153, 1154, 1155, 1156, 1157, 1161, 1163, 1164, 1166, 1167, 1168, 1169, 1170, 1171, 1175, 1176, 1177, 1178}
4725|1239|{1180, 1181, 1190}|{1182, 1183, 1184, 1185, 1186, 1191}
4725|3549|{1181, 1185}|{1180, 1182, 1183, 1184, 1186, 1190, 1191}
4725|4323|{1181, 1191}|{1180, 1182, 1183, 1184, 1185, 1186, 1190}
4725|6461|{1182, 1190}|{1180, 1181, 1183, 1184, 1185, 1186, 1191}
4725|7911|{1181, 1183, 1186}|{1180, 1182, 1184, 1185, 1190, 1191}
4755|1239|{1193, 1202}|{1201, 1203, 1204}
4755|6453|{1193, 1201, 1203}|{1202, 1204}
5511|1|{1220, 1221, 1232, 1248}|{1224, 1226, 1228, 1229, 1234, 1237, 1238, 1243, 1244, 1247, 1253}
5511|1239|{1220, 1226, 1228, 1237}|{1221, 1224, 1229, 1232, 1234, 1238, 1243, 1244, 1247, 1248, 1253}
5511|1299|{1220, 1228, 1237, 1243}|{1221, 1224, 1226, 1229, 1232, 1234, 1238, 1244, 1247, 1248, 1253}
5511|2914|{1220, 1221, 1237, 1248}|{1224, 1226, 1228, 1229, 1232, 1234, 1238, 1243, 1244, 1247, 1253}
5511|3356|{1220, 1221, 1228, 1229, 1232, 1234, 1237, 1247, 1253}|{1224, 1226, 1238, 1243, 1244, 1248}
5511|3549|{1220, 1228, 1234, 1238, 1247, 1253}|{1221, 1224, 1226, 1229, 1232, 1237, 1243, 1244, 1248}
5511|3561|{1220, 1221, 1237}|{1224, 1226, 1228, 1229, 1232, 1234, 1238, 1243, 1244, 1247, 1248, 1253}
5511|6453|{1220, 1248}|{1221, 1224, 1226, 1228, 1229, 1232, 1234, 1237, 1238, 1243, 1244, 1247, 1253}
5669|6461|{1271, 1288}|{1265, 1279}
6395|1|{1293, 1298, 1301, 1312}|{1291, 1292, 1294, 1295, 1296, 1299, 1304, 1305, 1306, 1307, 1308, 1309, 1310, 1311, 1313, 1314, 1315, 1316}
6395|174|{1292, 1298, 1301, 1308, 1312}|{1291, 1293, 1294, 1295, 1296, 1299, 1304, 1305, 1306, 1307, 1309, 1310, 1311, 1313, 1314, 1315, 1316}
6395|1239|{1291, 1298, 1301, 1304}|{1292, 1293, 1294, 1295, 1296, 1299, 1305, 1306, 1307, 1308, 1309, 1310, 1311, 1312, 1313, 1314, 1315, 1316}
6395|1784|{1298, 1301, 1308}|{1291, 1292, 1293, 1294, 1295, 1296, 1299, 1304, 1305, 1306, 1307, 1309, 1310, 1311, 1312, 1313, 1314, 1315, 1316}
6395|1785|{1298, 1305, 1306, 1307, 1308, 1309}|{1291, 1292, 1293, 1294, 1295, 1296, 1299, 1301, 1304, 1310, 1311, 1312, 1313, 1314, 1315, 1316}
6395|2497|{1298, 1308}|{1291, 1292, 1293, 1294, 1295, 1296, 1299, 1301, 1304, 1305, 1306, 1307, 1309, 1310, 1311, 1312, 1313, 1314, 1315, 1316}
6395|2828|{1295, 1298, 1308}|{1291, 1292, 1293, 1294, 1296, 1299, 1301, 1304, 1305, 1306, 1307, 1309, 1310, 1311, 1312, 1313, 1314, 1315, 1316}
6395|2914|{1292, 1298, 1301, 1308}|{1291, 1293, 1294, 1295, 1296, 1299, 1304, 1305, 1306, 1307, 1309, 1310, 1311, 1312, 1313, 1314, 1315, 1316}
6395|3257|{1298, 1308}|{1291, 1292, 1293, 1294, 1295, 1296, 1299, 1301, 1304, 1305, 1306, 1307, 1309, 1310, 1311, 1312, 1313, 1314, 1315, 1316}
6395|3356|{1294, 1298, 1306, 1307, 1312}|{1291, 1292, 1293, 1295, 1296, 1299, 1301, 1304, 1305, 1308, 1309, 1310, 1311, 1313, 1314, 1315, 1316}
6395|4323|{1298, 1301, 1308, 1312, 1314, 1316}|{1291, 1292, 1293, 1294, 1295, 1296, 1299, 1304, 1305, 1306, 1307, 1309, 1310, 1311, 1313, 1315}
6395|4513|{1298, 1308}|{1291, 1292, 1293, 1294, 1295, 1296, 1299, 1301, 1304, 1305, 1306, 1307, 1309, 1310, 1311, 1312, 1313, 1314, 1315, 1316}
6395|4544|{1298, 1308}|{1291, 1292, 1293, 1294, 1295, 1296, 1299, 1301, 1304, 1305, 1306, 1307, 1309, 1310, 1311, 1312, 1313, 1314, 1315, 1316}
6395|4565|{1298, 1308}|{1291, 1292, 1293, 1294, 1295, 1296, 1299, 1301, 1304, 1305, 1306, 1307, 1309, 1310, 1311, 1312, 1313, 1314, 1315, 1316}
6395|4725|{1298, 1308}|{1291, 1292, 1293, 1294, 1295, 1296, 1299, 1301, 1304, 1305, 1306, 1307, 1309, 1310, 1311, 1312, 1313, 1314, 1315, 1316}
6395|6453|{1293, 1308, 1315}|{1291, 1292, 1294, 1295, 1296, 1298, 1299, 1301, 1304, 1305, 1306, 1307, 1309, 1310, 1311, 1312, 1313, 1314, 1316}
6395|6939|{1298, 1308}|{1291, 1292, 1293, 1294, 1295, 1296, 1299, 1301, 1304, 1305, 1306, 1307, 1309, 1310, 1311, 1312, 1313, 1314, 1315, 1316}
6395|7132|{1295, 1298, 1301, 1308}|{1291, 1292, 1293, 1294, 1296, 1299, 1304, 1305, 1306, 1307, 1309, 1310, 1311, 1312, 1313, 1314, 1315, 1316}
6395|7911|{1298, 1308}|{1291, 1292, 1293, 1294, 1295, 1296, 1299, 1301, 1304, 1305, 1306, 1307, 1309, 1310, 1311, 1312, 1313, 1314, 1315, 1316}
6395|16631|{1298, 1308}|{1291, 1292, 1293, 1294, 1295, 1296, 1299, 1301, 1304, 1305, 1306, 1307, 1309, 1310, 1311, 1312, 1313, 1314, 1315, 1316}
6453|1|{1322, 1324, 1325, 1344, 1347, 1348, 1352, 1354}|{1321, 1326, 1327, 1329, 1332, 1335, 1336, 1338, 1343, 1346, 1353, 1355, 1356, 1357}
6453|174|{1322, 1324}|{1321, 1325, 1326, 1327, 1329, 1332, 1335, 1336, 1338, 1343, 1344, 1346, 1347, 1348, 1352, 1353, 1354, 1355, 1356, 1357}
6453|577|{1332, 1335, 1336}|{1321, 1322, 1324, 1325, 1326, 1327, 1329, 1338, 1343, 1344, 1346, 1347, 1348, 1352, 1353, 1354, 1355, 1356, 1357}
6453|1239|{1321, 1348, 1352, 1355, 1356}|{1322, 1324, 1325, 1326, 1327, 1329, 1332, 1335, 1336, 1338, 1343, 1344, 1346, 1347, 1353, 1354, 1357}
6453|1299|{1348, 1353}|{1321, 1322, 1324, 1325, 1326, 1327, 1329, 1332, 1335, 1336, 1338, 1343, 1344, 1346, 1347, 1352, 1354, 1355, 1356, 1357}
6453|2914|{1322, 1324, 1344, 1354, 1355}|{1321, 1325, 1326, 1327, 1329, 1332, 1335, 1336, 1338, 1343, 1346, 1347, 1348, 1352, 1353, 1356, 1357}
6453|3356|{1322, 1326, 1347, 1353, 1354, 1355}|{1321, 1324, 1325, 1327, 1329, 1332, 1335, 1336, 1338, 1343, 1344, 1346, 1348, 1352, 1356, 1357}
6453|3549|{1324, 1347, 1348, 1353}|{1321, 1322, 1325, 1326, 1327, 1329, 1332, 1335, 1336, 1338, 1343, 1344, 1346, 1352, 1354, 1355, 1356, 1357}
6453|3561|{1329, 1348, 1353}|{1321, 1322, 1324, 1325, 1326, 1327, 1332, 1335, 1336, 1338, 1343, 1344, 1346, 1347, 1352, 1354, 1355, 1356, 1357}
6453|4755|{1327, 1347, 1348}|{1321, 1322, 1324, 1325, 1326, 1329, 1332, 1335, 1336, 1338, 1343, 1344, 1346, 1352, 1353, 1354, 1355, 1356, 1357}
6453|5511|{1324, 1354}|{1321, 1322, 1325, 1326, 1327, 1329, 1332, 1335, 1336, 1338, 1343, 1344, 1346, 1347, 1348, 1352, 1353, 1355, 1356, 1357}
6453|6395|{1322, 1348}|{1321, 1324, 1325, 1326, 1327, 1329, 1332, 1335, 1336, 1338, 1343, 1344, 1346, 1347, 1352, 1353, 1354, 1355, 1356, 1357}
6453|6461|{1324, 1348, 1353}|{1321, 1322, 1325, 1326, 1327, 1329, 1332, 1335, 1336, 1338, 1343, 1344, 1346, 1347, 1352, 1354, 1355, 1356, 1357}
6461|1|{1362, 1363, 1364, 1368, 1374, 1377}|{1360, 1365, 1367, 1369, 1371, 1372, 1373, 1376}
6461|577|{1368, 1372}|{1360, 1362, 1363, 1364, 1365, 1367, 1369, 1371, 1373, 1374, 1376, 1377}
6461|1239|{1363, 1364, 1371, 1372, 1376}|{1360, 1362, 1365, 1367, 1368, 1369, 1373, 1374, 1377}
6461|1299|{1367, 1372, 1373, 1376}|{1360, 1362, 1363, 1364, 1365, 1368, 1369, 1371, 1374, 1377}
6461|2914|{1362, 1363, 1364, 1368, 1372, 1374, 1376, 1377}|{1360, 1365, 1367, 1369, 1371, 1373}
6461|3356|{1363, 1364, 1367, 1368, 1372, 1373, 1376}|{1360, 1362, 1365, 1369, 1371, 1374, 1377}
6461|3549|{1362, 1367, 1368, 1376}|{1360, 1363, 1364, 1365, 1369, 1371, 1372, 1373, 1374, 1377}
6461|3561|{1364, 1367, 1377}|{1360, 1362, 1363, 1365, 1368, 1369, 1371, 1372, 1373, 1374, 1376}
6461|4323|{1363, 1364, 1368, 1372, 1377}|{1360, 1362, 1365, 1367, 1369, 1371, 1373, 1374, 1376}
6461|4725|{1363, 1369}|{1360, 1362, 1364, 1365, 1367, 1368, 1371, 1372, 1373, 1374, 1376, 1377}
6461|5669|{1367, 1376}|{1360, 1362, 1363, 1364, 1365, 1368, 1369, 1371, 1372, 1373, 1374, 1377}
6461|6453|{1362, 1372, 1376}|{1360, 1363, 1364, 1365, 1367, 1368, 1369, 1371, 1373, 1374, 1377}
6461|6467|{1363, 1364}|{1360, 1362, 1365, 1367, 1368, 1369, 1371, 1372, 1373, 1374, 1376, 1377}
6461|6939|{1362, 1363, 1372}|{1360, 1364, 1365, 1367, 1368, 1369, 1371, 1373, 1374, 1376, 1377}
6461|16631|{1362, 1364, 1372, 1374}|{1360, 1363, 1365, 1367, 1368, 1369, 1371, 1373, 1376, 1377}
6467|1|{1380, 1382, 1388, 1395}|{1386, 1391, 1392, 1398}
6467|1239|{1386, 1395}|{1380, 1382, 1388, 1391, 1392, 1398}
6467|2914|{1380, 1382, 1391}|{1386, 1388, 1392, 1395, 1398}
6467|6461|{1380, 1382}|{1386, 1388, 1391, 1392, 1395, 1398}
6539|2914|{1407, 1409, 1410, 1411, 1412, 1413}|{1405}
6539|3561|{1407, 1409, 1410, 1411}|{1405, 1412, 1413}
6939|2914|{1415, 1419, 1420, 1422}|{1414, 1416, 1417, 1418, 1421}
6939|3356|{1414, 1415, 1417, 1418, 1420}|{1416, 1419, 1421, 1422}
6939|4323|{1415, 1420}|{1414, 1416, 1417, 1418, 1419, 1421, 1422}
6939|6395|{1418, 1420}|{1414, 1415, 1416, 1417, 1419, 1421, 1422}
6939|6461|{1415, 1417, 1420}|{1414, 1416, 1418, 1419, 1421, 1422}
6939|7911|{1415, 1419, 1420, 1421}|{1414, 1416, 1417, 1418, 1422}
6939|16631|{1415, 1416, 1418, 1420}|{1414, 1417, 1419, 1421, 1422}
7132|174|{1459, 1462, 1465, 1477, 1485}|{1460, 1461, 1463, 1464, 1466, 1468, 1471, 1486, 1488}
7132|1239|{1468, 1471, 1477}|{1459, 1460, 1461, 1462, 1463, 1464, 1465, 1466, 1485, 1486, 1488}
7132|1299|{1459, 1460, 1463, 1486}|{1461, 1462, 1464, 1465, 1466, 1468, 1471, 1477, 1485, 1488}
7132|4323|{1460, 1462, 1465, 1477, 1485, 1488}|{1459, 1461, 1463, 1464, 1466, 1468, 1471, 1486}
7132|6395|{1462, 1464, 1465}|{1459, 1460, 1461, 1463, 1466, 1468, 1471, 1477, 1485, 1486, 1488}
7132|7911|{1459, 1463, 1464, 1465}|{1460, 1461, 1462, 1466, 1468, 1471, 1477, 1485, 1486, 1488}
7132|16631|{1459, 1462, 1465, 1477, 1485}|{1460, 1461, 1463, 1464, 1466, 1468, 1471, 1486, 1488}
7176|1299|{1516, 1520}|{1509, 1510, 1511, 1512, 1514, 1515, 1517, 1518, 1519, 1521, 1522, 1523, 1524, 1526}
7176|3549|{1512, 1514, 1516, 1518, 1520, 1523}|{1509, 1510, 1511, 1515, 1517, 1519, 1521, 1522, 1524, 1526}
7543|1|{1532, 1533}|{1530, 1531, 1534, 1535, 1536}
7543|1221|{1530, 1531}|{1532, 1533, 1534, 1535, 1536}
7543|3356|{1532, 1533}|{1530, 1531, 1534, 1535, 1536}
7543|4637|{1535, 1536}|{1530, 1531, 1532, 1533, 1534}
7911|1|{1541, 1549, 1560}|{1538, 1539, 1540, 1542, 1543, 1544, 1551, 1552, 1554, 1555, 1558, 1559, 1561}
7911|174|{1542, 1543, 1544, 1549, 1555}|{1538, 1539, 1540, 1541, 1551, 1552, 1554, 1558, 1559, 1560, 1561}
7911|577|{1549, 1561}|{1538, 1539, 1540, 1541, 1542, 1543, 1544, 1551, 1552, 1554, 1555, 1558, 1559, 1560}
7911|1239|{1538, 1542, 1551, 1555}|{1539, 1540, 1541, 1543, 1544, 1549, 1552, 1554, 1558, 1559, 1560, 1561}
7911|1299|{1549, 1560}|{1538, 1539, 1540, 1541, 1542, 1543, 1544, 1551, 1552, 1554, 1555, 1558, 1559, 1561}
7911|1784|{1544, 1549}|{1538, 1539, 1540, 1541, 1542, 1543, 1551, 1552, 1554, 1555, 1558, 1559, 1560, 1561}
7911|2914|{1543, 1544, 1549, 1552, 1560}|{1538, 1539, 1540, 1541, 1542, 1551, 1554, 1555, 1558, 1559, 1561}
7911|3356|{1541, 1542, 1543, 1544, 1552, 1560}|{1538, 1539, 1540, 1549, 1551, 1554, 1555, 1558, 1559, 1561}
7911|3549|{1544, 1560}|{1538, 1539, 1540, 1541, 1542, 1543, 1549, 1551, 1552, 1554, 1555, 1558, 1559, 1561}
7911|3561|{1538, 1541, 1543, 1549, 1552, 1554, 1555, 1560}|{1539, 1540, 1542, 1544, 1551, 1558, 1559, 1561}
7911|4323|{1544, 1549, 1555, 1560}|{1538, 1539, 1540, 1541, 1542, 1543, 1551, 1552, 1554, 1558, 1559, 1561}
7911|4544|{1549, 1555, 1560}|{1538, 1539, 1540, 1541, 1542, 1543, 1544, 1551, 1552, 1554, 1558, 1559, 1561}
7911|4565|{1543, 1549, 1560, 1561}|{1538, 1539, 1540, 1541, 1542, 1544, 1551, 1552, 1554, 1555, 1558, 1559}
7911|6939|{1543, 1552}|{1538, 1539, 1540, 1541, 1542, 1544, 1549, 1551, 1554, 1555, 1558, 1559, 1560, 1561}
7911|7132|{1539, 1543, 1544, 1549}|{1538, 1540, 1541, 1542, 1551, 1552, 1554, 1555, 1558, 1559, 1560, 1561}
13129|6461|{1662, 1664, 1665}|{1668}
15412|3356|{1672, 1678}|{1673, 1676, 1679}
15412|3561|{1673, 1676, 1678}|{1672, 1679}
16631|1|{1681, 1688, 1698, 1700}|{1682, 1683, 1684, 1685, 1689, 1690, 1693, 1694, 1695, 1696, 1699, 1701}
16631|174|{1681, 1683, 1684, 1685, 1688, 1689, 1690, 1693, 1694, 1695, 1696, 1698, 1699, 1700, 1701}|{1682}
16631|2497|{1684, 1688}|{1681, 1682, 1683, 1685, 1689, 1690, 1693, 1694, 1695, 1696, 1698, 1699, 1700, 1701}
16631|2914|{1681, 1682, 1684, 1688, 1690, 1694}|{1683, 1685, 1689, 1693, 1695, 1696, 1698, 1699, 1700, 1701}
16631|3257|{1684, 1688, 1694}|{1681, 1682, 1683, 1685, 1689, 1690, 1693, 1695, 1696, 1698, 1699, 1700, 1701}
16631|3356|{1681, 1688}|{1682, 1683, 1684, 1685, 1689, 1690, 1693, 1694, 1695, 1696, 1698, 1699, 1700, 1701}
16631|3549|{1684, 1698}|{1681, 1682, 1683, 1685, 1688, 1689, 1690, 1693, 1694, 1695, 1696, 1699, 1700, 1701}
16631|3561|{1684, 1688, 1690}|{1681, 1682, 1683, 1685, 1689, 1693, 1694, 1695, 1696, 1698, 1699, 1700, 1701}
16631|4323|{1688, 1700}|{1681, 1682, 1683, 1684, 1685, 1689, 1690, 1693, 1694, 1695, 1696, 1698, 1699, 1701}
16631|4565|{1684, 1688, 1694, 1700}|{1681, 1682, 1683, 1685, 1689, 1690, 1693, 1695, 1696, 1698, 1699, 1701}
16631|4637|{1685, 1688}|{1681, 1682, 1683, 1684, 1689, 1690, 1693, 1694, 1695, 1696, 1698, 1699, 1700, 1701}
16631|6461|{1682, 1684, 1688, 1698, 1700}|{1681, 1683, 1685, 1689, 1690, 1693, 1694, 1695, 1696, 1699, 1701}
16631|6939|{1684, 1688}|{1681, 1682, 1683, 1685, 1689, 1690, 1693, 1694, 1695, 1696, 1698, 1699, 1700, 1701}
16631|7132|{1681, 1685, 1688, 1694, 1700}|{1682, 1683, 1684, 1689, 1690, 1693, 1695, 1696, 1698, 1699, 1701}
