776,776,0.0
776,833,2.0
776,835,33.0
776,778,48.0
776,777,49.0
776,829,41.0
776,781,47.0
776,799,34.0
776,803,32.0
776,791,4.0
776,809,35.0
776,837,41.0
776,817,1.0
776,795,2.0
776,787,32.0
776,782,47.0
776,816,30.0
776,792,37.0
776,796,5.0
776,785,42.0
776,788,39.0
833,776,2.0
833,833,0.0
833,835,31.0
833,778,46.0
833,777,47.0
833,829,39.0
833,781,45.0
833,799,32.0
833,803,30.0
833,791,2.0
833,809,33.0
833,837,39.0
833,817,2.0
833,795,4.0
833,787,30.0
833,782,45.0
833,816,28.0
833,792,35.0
833,796,4.0
833,785,40.0
833,788,37.0
835,776,33.0
835,833,31.0
835,835,0.0
835,778,22.0
835,777,20.0
835,829,11.0
835,781,21.0
835,799,6.0
835,803,5.0
835,791,32.0
835,809,4.0
835,837,20.0
835,817,33.0
835,795,34.0
835,787,1.0
835,782,21.0
835,816,3.0
835,792,6.0
835,796,35.0
835,785,13.0
835,788,9.0
778,776,48.0
778,833,46.0
778,835,22.0
778,778,0.0
778,777,4.0
778,829,13.0
778,781,2.0
778,799,16.0
778,803,23.0
778,791,48.0
778,809,20.0
778,837,7.0
778,817,48.0
778,795,50.0
778,787,21.0
778,782,1.0
778,816,22.0
778,792,18.0
778,796,50.0
778,785,9.0
778,788,22.0
777,776,49.0
777,833,47.0
777,835,20.0
777,778,4.0
777,777,0.0
777,829,11.0
777,781,4.0
777,799,15.0
777,803,21.0
777,791,49.0
777,809,18.0
777,837,8.0
777,817,49.0
777,795,51.0
777,787,19.0
777,782,3.0
777,816,20.0
777,792,16.0
777,796,51.0
777,785,7.0
777,788,19.0
829,776,41.0
829,833,39.0
829,835,11.0
829,778,13.0
829,777,11.0
829,829,0.0
829,781,12.0
829,799,7.0
829,803,13.0
829,791,41.0
829,809,8.0
829,837,14.0
829,817,41.0
829,795,43.0
829,787,10.0
829,782,12.0
829,816,12.0
829,792,6.0
829,796,43.0
829,785,6.0
829,788,9.0
781,776,47.0
781,833,45.0
781,835,21.0
781,778,2.0
781,777,4.0
781,829,12.0
781,781,0.0
781,799,15.0
781,803,22.0
781,791,47.0
781,809,20.0
781,837,6.0
781,817,47.0
781,795,49.0
781,787,20.0
781,782,1.0
781,816,21.0
781,792,18.0
781,796,49.0
781,785,8.0
781,788,21.0
799,776,34.0
799,833,32.0
799,835,6.0
799,778,16.0
799,777,15.0
799,829,7.0
799,781,15.0
799,799,0.0
799,803,7.0
799,791,34.0
799,809,7.0
799,837,14.0
799,817,34.0
799,795,36.0
799,787,5.0
799,782,15.0
799,816,6.0
799,792,5.0
799,796,36.0
799,785,8.0
799,788,10.0
803,776,32.0
803,833,30.0
803,835,5.0
803,778,23.0
803,777,21.0
803,829,13.0
803,781,22.0
803,799,7.0
803,803,0.0
803,791,32.0
803,809,7.0
803,837,20.0
803,817,32.0
803,795,33.0
803,787,4.0
803,782,22.0
803,816,2.0
803,792,8.0
803,796,34.0
803,785,15.0
803,788,11.0
791,776,4.0
791,833,2.0
791,835,32.0
791,778,48.0
791,777,49.0
791,829,41.0
791,781,47.0
791,799,34.0
791,803,32.0
791,791,0.0
791,809,34.0
791,837,41.0
791,817,3.0
791,795,3.0
791,787,31.0
791,782,47.0
791,816,30.0
791,792,36.0
791,796,6.0
791,785,42.0
791,788,39.0
809,776,35.0
809,833,33.0
809,835,4.0
809,778,20.0
809,777,18.0
809,829,8.0
809,781,20.0
809,799,7.0
809,803,7.0
809,791,34.0
809,809,0.0
809,837,19.0
809,817,35.0
809,795,36.0
809,787,3.0
809,782,19.0
809,816,5.0
809,792,2.0
809,796,37.0
809,785,12.0
809,788,11.0
837,776,41.0
837,833,39.0
837,835,20.0
837,778,7.0
837,777,8.0
837,829,14.0
837,781,6.0
837,799,14.0
837,803,20.0
837,791,41.0
837,809,19.0
837,837,0.0
837,817,41.0
837,795,43.0
837,787,19.0
837,782,6.0
837,816,20.0
837,792,18.0
837,796,43.0
837,785,9.0
837,788,22.0
817,776,1.0
817,833,2.0
817,835,33.0
817,778,48.0
817,777,49.0
817,829,41.0
817,781,47.0
817,799,34.0
817,803,32.0
817,791,3.0
817,809,35.0
817,837,41.0
817,817,0.0
817,795,2.0
817,787,32.0
817,782,47.0
817,816,30.0
817,792,37.0
817,796,5.0
817,785,42.0
817,788,39.0
795,776,2.0
795,833,4.0
795,835,34.0
795,778,50.0
795,777,51.0
795,829,43.0
795,781,49.0
795,799,36.0
795,803,33.0
795,791,3.0
795,809,36.0
795,837,43.0
795,817,2.0
795,795,0.0
795,787,33.0
795,782,49.0
795,816,31.0
795,792,38.0
795,796,3.0
795,785,44.0
795,788,40.0
787,776,32.0
787,833,30.0
787,835,1.0
787,778,21.0
787,777,19.0
787,829,10.0
787,781,20.0
787,799,5.0
787,803,4.0
787,791,31.0
787,809,3.0
787,837,19.0
787,817,32.0
787,795,33.0
787,787,0.0
787,782,20.0
787,816,2.0
787,792,5.0
787,796,34.0
787,785,12.0
787,788,8.0
782,776,47.0
782,833,45.0
782,835,21.0
782,778,1.0
782,777,3.0
782,829,12.0
782,781,1.0
782,799,15.0
782,803,22.0
782,791,47.0
782,809,19.0
782,837,6.0
782,817,47.0
782,795,49.0
782,787,20.0
782,782,0.0
782,816,21.0
782,792,17.0
782,796,49.0
782,785,8.0
782,788,21.0
816,776,30.0
816,833,28.0
816,835,3.0
816,778,22.0
816,777,20.0
816,829,12.0
816,781,21.0
816,799,6.0
816,803,2.0
816,791,30.0
816,809,5.0
816,837,20.0
816,817,30.0
816,795,31.0
816,787,2.0
816,782,21.0
816,816,0.0
816,792,7.0
816,796,32.0
816,785,14.0
816,788,9.0
792,776,37.0
792,833,35.0
792,835,6.0
792,778,18.0
792,777,16.0
792,829,6.0
792,781,18.0
792,799,5.0
792,803,8.0
792,791,36.0
792,809,2.0
792,837,18.0
792,817,37.0
792,795,38.0
792,787,5.0
792,782,17.0
792,816,7.0
792,792,0.0
792,796,39.0
792,785,10.0
792,788,9.0
796,776,5.0
796,833,4.0
796,835,35.0
796,778,50.0
796,777,51.0
796,829,43.0
796,781,49.0
796,799,36.0
796,803,34.0
796,791,6.0
796,809,37.0
796,837,43.0
796,817,5.0
796,795,3.0
796,787,34.0
796,782,49.0
796,816,32.0
796,792,39.0
796,796,0.0
796,785,44.0
796,788,41.0
785,776,42.0
785,833,40.0
785,835,13.0
785,778,9.0
785,777,7.0
785,829,6.0
785,781,8.0
785,799,8.0
785,803,15.0
785,791,42.0
785,809,12.0
785,837,9.0
785,817,42.0
785,795,44.0
785,787,12.0
785,782,8.0
785,816,14.0
785,792,10.0
785,796,44.0
785,785,0.0
785,788,14.0
788,776,39.0
788,833,37.0
788,835,9.0
788,778,22.0
788,777,19.0
788,829,9.0
788,781,21.0
788,799,10.0
788,803,11.0
788,791,39.0
788,809,11.0
788,837,22.0
788,817,39.0
788,795,40.0
788,787,8.0
788,782,21.0
788,816,9.0
788,792,9.0
788,796,41.0
788,785,14.0
788,788,0.0
