845,845,0.0
845,897,56.0
845,898,69.0
845,894,44.0
845,896,6.0
845,850,3.0
845,861,15.0
845,867,22.0
845,863,48.0
845,848,1.0
845,868,17.0
845,856,21.0
845,876,45.0
845,853,20.0
845,874,21.0
845,862,21.0
845,887,12.0
845,857,45.0
845,888,14.0
845,860,45.0
845,866,42.0
845,855,21.0
845,895,21.0
845,841,64.0
845,854,44.0
845,844,3.0
845,859,46.0
845,842,52.0
845,858,18.0
845,838,6.0
897,845,56.0
897,897,0.0
897,898,13.0
897,894,49.0
897,896,53.0
897,850,59.0
897,861,63.0
897,867,65.0
897,863,47.0
897,848,56.0
897,868,65.0
897,856,72.0
897,876,47.0
897,853,66.0
897,874,65.0
897,862,69.0
897,887,66.0
897,857,49.0
897,888,68.0
897,860,46.0
897,866,15.0
897,855,73.0
897,895,67.0
897,841,54.0
897,854,44.0
897,844,59.0
897,859,46.0
897,842,95.0
897,858,68.0
897,838,62.0
898,845,69.0
898,897,13.0
898,898,0.0
898,894,62.0
898,896,66.0
898,850,72.0
898,861,76.0
898,867,78.0
898,863,60.0
898,848,69.0
898,868,78.0
898,856,85.0
898,876,60.0
898,853,79.0
898,874,78.0
898,862,82.0
898,887,79.0
898,857,62.0
898,888,81.0
898,860,59.0
898,866,28.0
898,855,86.0
898,895,80.0
898,841,67.0
898,854,57.0
898,844,72.0
898,859,59.0
898,842,108.0
898,858,81.0
898,838,75.0
894,845,44.0
894,897,49.0
894,898,62.0
894,894,0.0
894,896,39.0
894,850,44.0
894,861,32.0
894,867,27.0
894,863,5.0
894,848,44.0
894,868,32.0
894,856,38.0
894,876,2.0
894,853,30.0
894,874,28.0
894,862,34.0
894,887,39.0
894,857,2.0
894,888,39.0
894,860,4.0
894,866,49.0
894,855,36.0
894,895,31.0
894,841,88.0
894,854,5.0
894,844,44.0
894,859,4.0
894,842,48.0
894,858,34.0
894,838,43.0
896,845,6.0
896,897,53.0
896,898,66.0
896,894,39.0
896,896,0.0
896,850,8.0
896,861,14.0
896,867,20.0
896,863,44.0
896,848,6.0
896,868,16.0
896,856,22.0
896,876,40.0
896,853,19.0
896,874,20.0
896,862,20.0
896,887,14.0
896,857,41.0
896,888,16.0
896,860,40.0
896,866,39.0
896,855,22.0
896,895,20.0
896,841,69.0
896,854,39.0
896,844,8.0
896,859,41.0
896,842,55.0
896,858,18.0
896,838,9.0
850,845,3.0
850,897,59.0
850,898,72.0
850,894,44.0
850,896,8.0
850,850,0.0
850,861,14.0
850,867,21.0
850,863,49.0
850,848,4.0
850,868,16.0
850,856,18.0
850,876,45.0
850,853,19.0
850,874,20.0
850,862,20.0
850,887,10.0
850,857,46.0
850,888,11.0
850,860,46.0
850,866,45.0
850,855,19.0
850,895,20.0
850,841,61.0
850,854,46.0
850,844,1.0
850,859,47.0
850,842,50.0
850,858,16.0
850,838,3.0
861,845,15.0
861,897,63.0
861,898,76.0
861,894,32.0
861,896,14.0
861,850,14.0
861,861,0.0
861,867,7.0
861,863,37.0
861,848,15.0
861,868,2.0
861,856,9.0
861,876,34.0
861,853,5.0
861,874,6.0
861,862,6.0
861,887,7.0
861,857,34.0
861,888,8.0
861,860,35.0
861,866,52.0
861,855,10.0
861,895,6.0
861,841,75.0
861,854,35.0
861,844,15.0
861,859,35.0
861,842,43.0
861,858,5.0
861,838,12.0
867,845,22.0
867,897,65.0
867,898,78.0
867,894,27.0
867,896,20.0
867,850,21.0
867,861,7.0
867,867,0.0
867,863,31.0
867,848,22.0
867,868,6.0
867,856,12.0
867,876,28.0
867,853,4.0
867,874,2.0
867,862,8.0
867,887,13.0
867,857,28.0
867,888,13.0
867,860,30.0
867,866,55.0
867,855,11.0
867,895,4.0
867,841,82.0
867,854,30.0
867,844,21.0
867,859,30.0
867,842,39.0
867,858,8.0
867,838,19.0
863,845,48.0
863,897,47.0
863,898,60.0
863,894,5.0
863,896,44.0
863,850,49.0
863,861,37.0
863,867,31.0
863,863,0.0
863,848,48.0
863,868,35.0
863,856,42.0
863,876,4.0
863,853,34.0
863,874,33.0
863,862,38.0
863,887,43.0
863,857,4.0
863,888,44.0
863,860,5.0
863,866,49.0
863,855,40.0
863,895,35.0
863,841,88.0
863,854,6.0
863,844,49.0
863,859,3.0
863,842,48.0
863,858,39.0
863,838,48.0
848,845,1.0
848,897,56.0
848,898,69.0
848,894,44.0
848,896,6.0
848,850,4.0
848,861,15.0
848,867,22.0
848,863,48.0
848,848,0.0
848,868,17.0
848,856,21.0
848,876,45.0
848,853,20.0
848,874,21.0
848,862,21.0
848,887,12.0
848,857,45.0
848,888,14.0
848,860,45.0
848,866,42.0
848,855,21.0
848,895,21.0
848,841,65.0
848,854,44.0
848,844,3.0
848,859,46.0
848,842,53.0
848,858,18.0
848,838,6.0
868,845,17.0
868,897,65.0
868,898,78.0
868,894,32.0
868,896,16.0
868,850,16.0
868,861,2.0
868,867,6.0
868,863,35.0
868,848,17.0
868,868,0.0
868,856,11.0
868,876,33.0
868,853,4.0
868,874,5.0
868,862,4.0
868,887,9.0
868,857,34.0
868,888,10.0
868,860,35.0
868,866,54.0
868,855,12.0
868,895,5.0
868,841,77.0
868,854,34.0
868,844,17.0
868,859,35.0
868,842,43.0
868,858,7.0
868,838,14.0
856,845,21.0
856,897,72.0
856,898,85.0
856,894,38.0
856,896,22.0
856,850,18.0
856,861,9.0
856,867,12.0
856,863,42.0
856,848,21.0
856,868,11.0
856,856,0.0
856,876,40.0
856,853,9.0
856,874,11.0
856,862,15.0
856,887,9.0
856,857,40.0
856,888,7.0
856,860,42.0
856,866,61.0
856,855,2.0
856,895,10.0
856,841,79.0
856,854,41.0
856,844,19.0
856,859,41.0
856,842,48.0
856,858,4.0
856,838,16.0
876,845,45.0
876,897,47.0
876,898,60.0
876,894,2.0
876,896,40.0
876,850,45.0
876,861,34.0
876,867,28.0
876,863,4.0
876,848,45.0
876,868,33.0
876,856,40.0
876,876,0.0
876,853,32.0
876,874,30.0
876,862,35.0
876,887,41.0
876,857,3.0
876,888,41.0
876,860,2.0
876,866,47.0
876,855,38.0
876,895,32.0
876,841,86.0
876,854,4.0
876,844,45.0
876,859,2.0
876,842,50.0
876,858,36.0
876,838,44.0
853,845,20.0
853,897,66.0
853,898,79.0
853,894,30.0
853,896,19.0
853,850,19.0
853,861,5.0
853,867,4.0
853,863,34.0
853,848,20.0
853,868,4.0
853,856,9.0
853,876,32.0
853,853,0.0
853,874,2.0
853,862,6.0
853,887,10.0
853,857,31.0
853,888,10.0
853,860,33.0
853,866,55.0
853,855,8.0
853,895,1.0
853,841,80.0
853,854,33.0
853,844,19.0
853,859,33.0
853,842,39.0
853,858,5.0
853,838,16.0
874,845,21.0
874,897,65.0
874,898,78.0
874,894,28.0
874,896,20.0
874,850,20.0
874,861,6.0
874,867,2.0
874,863,33.0
874,848,21.0
874,868,5.0
874,856,11.0
874,876,30.0
874,853,2.0
874,874,0.0
874,862,7.0
874,887,12.0
874,857,30.0
874,888,12.0
874,860,31.0
874,866,55.0
874,855,9.0
874,895,3.0
874,841,81.0
874,854,31.0
874,844,20.0
874,859,31.0
874,842,39.0
874,858,7.0
874,838,18.0
862,845,21.0
862,897,69.0
862,898,82.0
862,894,34.0
862,896,20.0
862,850,20.0
862,861,6.0
862,867,8.0
862,863,38.0
862,848,21.0
862,868,4.0
862,856,15.0
862,876,35.0
862,853,6.0
862,874,7.0
862,862,0.0
862,887,12.0
862,857,36.0
862,888,14.0
862,860,37.0
862,866,58.0
862,855,14.0
862,895,7.0
862,841,81.0
862,854,36.0
862,844,20.0
862,859,37.0
862,842,45.0
862,858,11.0
862,838,18.0
887,845,12.0
887,897,66.0
887,898,79.0
887,894,39.0
887,896,14.0
887,850,10.0
887,861,7.0
887,867,13.0
887,863,43.0
887,848,12.0
887,868,9.0
887,856,9.0
887,876,41.0
887,853,10.0
887,874,12.0
887,862,12.0
887,887,0.0
887,857,41.0
887,888,2.0
887,860,42.0
887,866,53.0
887,855,9.0
887,895,11.0
887,841,71.0
887,854,41.0
887,844,11.0
887,859,42.0
887,842,49.0
887,858,6.0
887,838,8.0
857,845,45.0
857,897,49.0
857,898,62.0
857,894,2.0
857,896,41.0
857,850,46.0
857,861,34.0
857,867,28.0
857,863,4.0
857,848,45.0
857,868,34.0
857,856,40.0
857,876,3.0
857,853,31.0
857,874,30.0
857,862,36.0
857,887,41.0
857,857,0.0
857,888,41.0
857,860,5.0
857,866,50.0
857,855,38.0
857,895,32.0
857,841,89.0
857,854,6.0
857,844,46.0
857,859,3.0
857,842,50.0
857,858,36.0
857,838,45.0
888,845,14.0
888,897,68.0
888,898,81.0
888,894,39.0
888,896,16.0
888,850,11.0
888,861,8.0
888,867,13.0
888,863,44.0
888,848,14.0
888,868,10.0
888,856,7.0
888,876,41.0
888,853,10.0
888,874,12.0
888,862,14.0
888,887,2.0
888,857,41.0
888,888,0.0
888,860,43.0
888,866,55.0
888,855,9.0
888,895,11.0
888,841,72.0
888,854,42.0
888,844,12.0
888,859,43.0
888,842,49.0
888,858,6.0
888,838,9.0
860,845,45.0
860,897,46.0
860,898,59.0
860,894,4.0
860,896,40.0
860,850,46.0
860,861,35.0
860,867,30.0
860,863,5.0
860,848,45.0
860,868,35.0
860,856,42.0
860,876,2.0
860,853,33.0
860,874,31.0
860,862,37.0
860,887,42.0
860,857,5.0
860,888,43.0
860,860,0.0
860,866,46.0
860,855,40.0
860,895,34.0
860,841,85.0
860,854,2.0
860,844,46.0
860,859,3.0
860,842,52.0
860,858,38.0
860,838,46.0
866,845,42.0
866,897,15.0
866,898,28.0
866,894,49.0
866,896,39.0
866,850,45.0
866,861,52.0
866,867,55.0
866,863,49.0
866,848,42.0
866,868,54.0
866,856,61.0
866,876,47.0
866,853,55.0
866,874,55.0
866,862,58.0
866,887,53.0
866,857,50.0
866,888,55.0
866,860,46.0
866,866,0.0
866,855,61.0
866,895,56.0
866,841,39.0
866,854,44.0
866,844,45.0
866,859,48.0
866,842,94.0
866,858,57.0
866,838,48.0
855,845,21.0
855,897,73.0
855,898,86.0
855,894,36.0
855,896,22.0
855,850,19.0
855,861,10.0
855,867,11.0
855,863,40.0
855,848,21.0
855,868,12.0
855,856,2.0
855,876,38.0
855,853,8.0
855,874,9.0
855,862,14.0
855,887,9.0
855,857,38.0
855,888,9.0
855,860,40.0
855,866,61.0
855,855,0.0
855,895,9.0
855,841,80.0
855,854,40.0
855,844,19.0
855,859,39.0
855,842,47.0
855,858,5.0
855,838,17.0
895,845,21.0
895,897,67.0
895,898,80.0
895,894,31.0
895,896,20.0
895,850,20.0
895,861,6.0
895,867,4.0
895,863,35.0
895,848,21.0
895,868,5.0
895,856,10.0
895,876,32.0
895,853,1.0
895,874,3.0
895,862,7.0
895,887,11.0
895,857,32.0
895,888,11.0
895,860,34.0
895,866,56.0
895,855,9.0
895,895,0.0
895,841,81.0
895,854,34.0
895,844,20.0
895,859,34.0
895,842,40.0
895,858,6.0
895,838,17.0
841,845,64.0
841,897,54.0
841,898,67.0
841,894,88.0
841,896,69.0
841,850,61.0
841,861,75.0
841,867,82.0
841,863,88.0
841,848,65.0
841,868,77.0
841,856,79.0
841,876,86.0
841,853,80.0
841,874,81.0
841,862,81.0
841,887,71.0
841,857,89.0
841,888,72.0
841,860,85.0
841,866,39.0
841,855,80.0
841,895,81.0
841,841,0.0
841,854,83.0
841,844,62.0
841,859,87.0
841,842,111.0
841,858,77.0
841,838,64.0
854,845,44.0
854,897,44.0
854,898,57.0
854,894,5.0
854,896,39.0
854,850,46.0
854,861,35.0
854,867,30.0
854,863,6.0
854,848,44.0
854,868,34.0
854,856,41.0
854,876,4.0
854,853,33.0
854,874,31.0
854,862,36.0
854,887,41.0
854,857,6.0
854,888,42.0
854,860,2.0
854,866,44.0
854,855,40.0
854,895,34.0
854,841,83.0
854,854,0.0
854,844,45.0
854,859,4.0
854,842,53.0
854,858,37.0
854,838,44.0
844,845,3.0
844,897,59.0
844,898,72.0
844,894,44.0
844,896,8.0
844,850,1.0
844,861,15.0
844,867,21.0
844,863,49.0
844,848,3.0
844,868,17.0
844,856,19.0
844,876,45.0
844,853,19.0
844,874,20.0
844,862,20.0
844,887,11.0
844,857,46.0
844,888,12.0
844,860,46.0
844,866,45.0
844,855,19.0
844,895,20.0
844,841,62.0
844,854,45.0
844,844,0.0
844,859,47.0
844,842,50.0
844,858,16.0
844,838,3.0
859,845,46.0
859,897,46.0
859,898,59.0
859,894,4.0
859,896,41.0
859,850,47.0
859,861,35.0
859,867,30.0
859,863,3.0
859,848,46.0
859,868,35.0
859,856,41.0
859,876,2.0
859,853,33.0
859,874,31.0
859,862,37.0
859,887,42.0
859,857,3.0
859,888,43.0
859,860,3.0
859,866,48.0
859,855,39.0
859,895,34.0
859,841,87.0
859,854,4.0
859,844,47.0
859,859,0.0
859,842,50.0
859,858,37.0
859,838,46.0
842,845,52.0
842,897,95.0
842,898,108.0
842,894,48.0
842,896,55.0
842,850,50.0
842,861,43.0
842,867,39.0
842,863,48.0
842,848,53.0
842,868,43.0
842,856,48.0
842,876,50.0
842,853,39.0
842,874,39.0
842,862,45.0
842,887,49.0
842,857,50.0
842,888,49.0
842,860,52.0
842,866,94.0
842,855,47.0
842,895,40.0
842,841,111.0
842,854,53.0
842,844,50.0
842,859,50.0
842,842,0.0
842,858,44.0
842,838,53.0
858,845,18.0
858,897,68.0
858,898,81.0
858,894,34.0
858,896,18.0
858,850,16.0
858,861,5.0
858,867,8.0
858,863,39.0
858,848,18.0
858,868,7.0
858,856,4.0
858,876,36.0
858,853,5.0
858,874,7.0
858,862,11.0
858,887,6.0
858,857,36.0
858,888,6.0
858,860,38.0
858,866,57.0
858,855,5.0
858,895,6.0
858,841,77.0
858,854,37.0
858,844,16.0
858,859,37.0
858,842,44.0
858,858,0.0
858,838,14.0
838,845,6.0
838,897,62.0
838,898,75.0
838,894,43.0
838,896,9.0
838,850,3.0
838,861,12.0
838,867,19.0
838,863,48.0
838,848,6.0
838,868,14.0
838,856,16.0
838,876,44.0
838,853,16.0
838,874,18.0
838,862,18.0
838,887,8.0
838,857,45.0
838,888,9.0
838,860,46.0
838,866,48.0
838,855,17.0
838,895,17.0
838,841,64.0
838,854,44.0
838,844,3.0
838,859,46.0
838,842,53.0
838,858,14.0
838,838,0.0
