960,960,0.0
960,957,12.0
960,970,15.0
960,919,6.0
960,951,6.0
960,907,13.0
960,911,5.0
960,965,38.0
960,940,41.0
960,905,12.0
960,909,12.0
960,908,13.0
960,963,10.0
960,955,54.0
960,968,7.0
960,904,12.0
960,962,10.0
960,930,39.0
960,971,10.0
960,903,11.0
960,931,42.0
960,980,4.0
960,948,4.0
960,990,12.0
960,958,9.0
960,988,15.0
960,969,999
960,906,13.0
960,982,6.0
960,983,13.0
960,991,13.0
960,910,13.0
960,985,36.0
960,918,38.0
960,978,8.0
960,964,9.0
960,950,5.0
960,956,11.0
960,913,999
960,899,10.0
960,989,8.0
960,915,9.0
960,917,11.0
960,961,9.0
960,959,7.0
960,912,10.0
957,960,12.0
957,957,0.0
957,970,23.0
957,919,9.0
957,951,10.0
957,907,23.0
957,911,16.0
957,965,33.0
957,940,36.0
957,905,23.0
957,909,23.0
957,908,23.0
957,963,4.0
957,955,65.0
957,968,6.0
957,904,23.0
957,962,4.0
957,930,34.0
957,971,4.0
957,903,22.0
957,931,37.0
957,980,14.0
957,948,8.0
957,990,8.0
957,958,5.0
957,988,11.0
957,969,999
957,906,24.0
957,982,14.0
957,983,18.0
957,991,21.0
957,910,24.0
957,985,31.0
957,918,33.0
957,978,9.0
957,964,3.0
957,950,9.0
957,956,1.0
957,913,999
957,899,20.0
957,989,5.0
957,915,5.0
957,917,12.0
957,961,6.0
957,959,11.0
957,912,4.0
970,960,15.0
970,957,23.0
970,970,0.0
970,919,20.0
970,951,18.0
970,907,8.0
970,911,11.0
970,965,50.0
970,940,53.0
970,905,11.0
970,909,8.0
970,908,9.0
970,963,23.0
970,955,50.0
970,968,19.0
970,904,11.0
970,962,23.0
970,930,51.0
970,971,22.0
970,903,10.0
970,931,54.0
970,980,16.0
970,948,16.0
970,990,24.0
970,958,21.0
970,988,27.0
970,969,999
970,906,9.0
970,982,18.0
970,983,8.0
970,991,2.0
970,910,9.0
970,985,48.0
970,918,50.0
970,978,18.0
970,964,22.0
970,950,17.0
970,956,22.0
970,913,999
970,899,11.0
970,989,21.0
970,915,21.0
970,917,24.0
970,961,21.0
970,959,14.0
970,912,23.0
919,960,6.0
919,957,9.0
919,970,20.0
919,919,0.0
919,951,7.0
919,907,18.0
919,911,10.0
919,965,36.0
919,940,39.0
919,905,17.0
919,909,17.0
919,908,18.0
919,963,8.0
919,955,59.0
919,968,5.0
919,904,17.0
919,962,8.0
919,930,37.0
919,971,6.0
919,903,16.0
919,931,40.0
919,980,6.0
919,948,5.0
919,990,8.0
919,958,6.0
919,988,11.0
919,969,999
919,906,18.0
919,982,6.0
919,983,13.0
919,991,18.0
919,910,18.0
919,985,34.0
919,918,36.0
919,978,2.0
919,964,7.0
919,950,6.0
919,956,8.0
919,913,999
919,899,13.0
919,989,5.0
919,915,5.0
919,917,5.0
919,961,3.0
919,959,8.0
919,912,8.0
951,960,6.0
951,957,10.0
951,970,18.0
951,919,7.0
951,951,0.0
951,907,17.0
951,911,10.0
951,965,36.0
951,940,39.0
951,905,17.0
951,909,17.0
951,908,17.0
951,963,9.0
951,955,59.0
951,968,5.0
951,904,17.0
951,962,9.0
951,930,37.0
951,971,8.0
951,903,16.0
951,931,40.0
951,980,9.0
951,948,2.0
951,990,10.0
951,958,7.0
951,988,13.0
951,969,999
951,906,18.0
951,982,10.0
951,983,13.0
951,991,16.0
951,910,18.0
951,985,34.0
951,918,36.0
951,978,6.0
951,964,8.0
951,950,3.0
951,956,9.0
951,913,999
951,899,14.0
951,989,7.0
951,915,7.0
951,917,12.0
951,961,8.0
951,959,5.0
951,912,9.0
907,960,13.0
907,957,23.0
907,970,8.0
907,919,18.0
907,951,17.0
907,907,0.0
907,911,9.0
907,965,46.0
907,940,49.0
907,905,4.0
907,909,1.0
907,908,1.0
907,963,22.0
907,955,43.0
907,968,18.0
907,904,5.0
907,962,22.0
907,930,47.0
907,971,21.0
907,903,4.0
907,931,50.0
907,980,12.0
907,948,15.0
907,990,23.0
907,958,20.0
907,988,26.0
907,969,999
907,906,1.0
907,982,14.0
907,983,5.0
907,991,6.0
907,910,2.0
907,985,45.0
907,918,46.0
907,978,16.0
907,964,21.0
907,950,16.0
907,956,22.0
907,913,999
907,899,6.0
907,989,20.0
907,915,20.0
907,917,21.0
907,961,20.0
907,959,13.0
907,912,22.0
911,960,5.0
911,957,16.0
911,970,11.0
911,919,10.0
911,951,10.0
911,907,9.0
911,911,0.0
911,965,42.0
911,940,45.0
911,905,8.0
911,909,8.0
911,908,9.0
911,963,15.0
911,955,50.0
911,968,10.0
911,904,8.0
911,962,15.0
911,930,43.0
911,971,13.0
911,903,7.0
911,931,46.0
911,980,6.0
911,948,8.0
911,990,15.0
911,958,13.0
911,988,18.0
911,969,999
911,906,9.0
911,982,8.0
911,983,12.0
911,991,9.0
911,910,9.0
911,985,40.0
911,918,42.0
911,978,9.0
911,964,14.0
911,950,9.0
911,956,15.0
911,913,999
911,899,5.0
911,989,12.0
911,915,12.0
911,917,14.0
911,961,12.0
911,959,6.0
911,912,15.0
965,960,38.0
965,957,33.0
965,970,50.0
965,919,36.0
965,951,36.0
965,907,46.0
965,911,42.0
965,965,0.0
965,940,4.0
965,905,46.0
965,909,45.0
965,908,45.0
965,963,31.0
965,955,87.0
965,968,34.0
965,904,46.0
965,962,31.0
965,930,3.0
965,971,31.0
965,903,45.0
965,931,6.0
965,980,40.0
965,948,34.0
965,990,35.0
965,958,32.0
965,988,38.0
965,969,999
965,906,46.0
965,982,42.0
965,983,45.0
965,991,48.0
965,910,46.0
965,985,2.0
965,918,3.0
965,978,37.0
965,964,30.0
965,950,35.0
965,956,32.0
965,913,999
965,899,46.0
965,989,32.0
965,915,32.0
965,917,39.0
965,961,34.0
965,959,37.0
965,912,31.0
940,960,41.0
940,957,36.0
940,970,53.0
940,919,39.0
940,951,39.0
940,907,49.0
940,911,45.0
940,965,4.0
940,940,0.0
940,905,50.0
940,909,48.0
940,908,48.0
940,963,34.0
940,955,90.0
940,968,37.0
940,904,50.0
940,962,34.0
940,930,2.0
940,971,34.0
940,903,49.0
940,931,4.0
940,980,44.0
940,948,37.0
940,990,38.0
940,958,35.0
940,988,41.0
940,969,999
940,906,49.0
940,982,45.0
940,983,48.0
940,991,51.0
940,910,49.0
940,985,6.0
940,918,5.0
940,978,40.0
940,964,33.0
940,950,38.0
940,956,35.0
940,913,999
940,899,49.0
940,989,35.0
940,915,35.0
940,917,42.0
940,961,37.0
940,959,40.0
940,912,34.0
905,960,12.0
905,957,23.0
905,970,11.0
905,919,17.0
905,951,17.0
905,907,4.0
905,911,8.0
905,965,46.0
905,940,50.0
905,905,0.0
905,909,3.0
905,908,3.0
905,963,22.0
905,955,45.0
905,968,18.0
905,904,2.0
905,962,22.0
905,930,48.0
905,971,21.0
905,903,1.0
905,931,51.0
905,980,11.0
905,948,15.0
905,990,23.0
905,958,20.0
905,988,26.0
905,969,999
905,906,4.0
905,982,12.0
905,983,6.0
905,991,9.0
905,910,4.0
905,985,45.0
905,918,47.0
905,978,16.0
905,964,21.0
905,950,16.0
905,956,22.0
905,913,999
905,899,4.0
905,989,20.0
905,915,20.0
905,917,20.0
905,961,19.0
905,959,14.0
905,912,22.0
909,960,12.0
909,957,23.0
909,970,8.0
909,919,17.0
909,951,17.0
909,907,1.0
909,911,8.0
909,965,45.0
909,940,48.0
909,905,3.0
909,909,0.0
909,908,1.0
909,963,22.0
909,955,42.0
909,968,18.0
909,904,4.0
909,962,22.0
909,930,46.0
909,971,21.0
909,903,3.0
909,931,49.0
909,980,12.0
909,948,15.0
909,990,23.0
909,958,20.0
909,988,26.0
909,969,999
909,906,1.0
909,982,13.0
909,983,5.0
909,991,6.0
909,910,1.0
909,985,44.0
909,918,45.0
909,978,16.0
909,964,21.0
909,950,16.0
909,956,22.0
909,913,999
909,899,5.0
909,989,20.0
909,915,20.0
909,917,21.0
909,961,20.0
909,959,13.0
909,912,22.0
908,960,13.0
908,957,23.0
908,970,9.0
908,919,18.0
908,951,17.0
908,907,1.0
908,911,9.0
908,965,45.0
908,940,48.0
908,905,3.0
908,909,1.0
908,908,0.0
908,963,22.0
908,955,43.0
908,968,18.0
908,904,4.0
908,962,22.0
908,930,46.0
908,971,21.0
908,903,3.0
908,931,49.0
908,980,12.0
908,948,15.0
908,990,23.0
908,958,20.0
908,988,26.0
908,969,999
908,906,2.0
908,982,14.0
908,983,6.0
908,991,7.0
908,910,2.0
908,985,44.0
908,918,46.0
908,978,17.0
908,964,21.0
908,950,16.0
908,956,22.0
908,913,999
908,899,6.0
908,989,20.0
908,915,20.0
908,917,21.0
908,961,21.0
908,959,14.0
908,912,22.0
963,960,10.0
963,957,4.0
963,970,23.0
963,919,8.0
963,951,9.0
963,907,22.0
963,911,15.0
963,965,31.0
963,940,34.0
963,905,22.0
963,909,22.0
963,908,22.0
963,963,0.0
963,955,64.0
963,968,5.0
963,904,22.0
963,962,2.0
963,930,32.0
963,971,2.0
963,903,21.0
963,931,35.0
963,980,13.0
963,948,7.0
963,990,6.0
963,958,3.0
963,988,9.0
963,969,999
963,906,23.0
963,982,13.0
963,983,17.0
963,991,21.0
963,910,23.0
963,985,29.0
963,918,31.0
963,978,8.0
963,964,1.0
963,950,8.0
963,956,3.0
963,913,999
963,899,19.0
963,989,3.0
963,915,3.0
963,917,10.0
963,961,5.0
963,959,10.0
963,912,2.0
955,960,54.0
955,957,65.0
955,970,50.0
955,919,59.0
955,951,59.0
955,907,43.0
955,911,50.0
955,965,87.0
955,940,90.0
955,905,45.0
955,909,42.0
955,908,43.0
955,963,64.0
955,955,0.0
955,968,60.0
955,904,46.0
955,962,64.0
955,930,88.0
955,971,63.0
955,903,45.0
955,931,91.0
955,980,54.0
955,948,57.0
955,990,65.0
955,958,62.0
955,988,68.0
955,969,999
955,906,43.0
955,982,55.0
955,983,47.0
955,991,48.0
955,910,43.0
955,985,86.0
955,918,87.0
955,978,58.0
955,964,63.0
955,950,58.0
955,956,64.0
955,913,999
955,899,47.0
955,989,62.0
955,915,62.0
955,917,63.0
955,961,62.0
955,959,55.0
955,912,64.0
968,960,7.0
968,957,6.0
968,970,19.0
968,919,5.0
968,951,5.0
968,907,18.0
968,911,10.0
968,965,34.0
968,940,37.0
968,905,18.0
968,909,18.0
968,908,18.0
968,963,5.0
968,955,60.0
968,968,0.0
968,904,18.0
968,962,5.0
968,930,35.0
968,971,5.0
968,903,17.0
968,931,38.0
968,980,9.0
968,948,3.0
968,990,7.0
968,958,5.0
968,988,10.0
968,969,999
968,906,19.0
968,982,11.0
968,983,14.0
968,991,17.0
968,910,19.0
968,985,32.0
968,918,34.0
968,978,7.0
968,964,4.0
968,950,4.0
968,956,5.0
968,913,999
968,899,15.0
968,989,3.0
968,915,4.0
968,917,10.0
968,961,5.0
968,959,6.0
968,912,5.0
904,960,12.0
904,957,23.0
904,970,11.0
904,919,17.0
904,951,17.0
904,907,5.0
904,911,8.0
904,965,46.0
904,940,50.0
904,905,2.0
904,909,4.0
904,908,4.0
904,963,22.0
904,955,46.0
904,968,18.0
904,904,0.0
904,962,22.0
904,930,48.0
904,971,21.0
904,903,1.0
904,931,51.0
904,980,11.0
904,948,15.0
904,990,23.0
904,958,20.0
904,988,26.0
904,969,999
904,906,5.0
904,982,12.0
904,983,6.0
904,991,9.0
904,910,5.0
904,985,45.0
904,918,47.0
904,978,16.0
904,964,21.0
904,950,16.0
904,956,22.0
904,913,999
904,899,4.0
904,989,20.0
904,915,20.0
904,917,20.0
904,961,19.0
904,959,14.0
904,912,22.0
962,960,10.0
962,957,4.0
962,970,23.0
962,919,8.0
962,951,9.0
962,907,22.0
962,911,15.0
962,965,31.0
962,940,34.0
962,905,22.0
962,909,22.0
962,908,22.0
962,963,2.0
962,955,64.0
962,968,5.0
962,904,22.0
962,962,0.0
962,930,32.0
962,971,2.0
962,903,21.0
962,931,35.0
962,980,13.0
962,948,7.0
962,990,6.0
962,958,3.0
962,988,9.0
962,969,999
962,906,23.0
962,982,13.0
962,983,17.0
962,991,21.0
962,910,23.0
962,985,29.0
962,918,31.0
962,978,8.0
962,964,1.0
962,950,8.0
962,956,3.0
962,913,999
962,899,19.0
962,989,3.0
962,915,3.0
962,917,10.0
962,961,5.0
962,959,10.0
962,912,2.0
930,960,39.0
930,957,34.0
930,970,51.0
930,919,37.0
930,951,37.0
930,907,47.0
930,911,43.0
930,965,3.0
930,940,2.0
930,905,48.0
930,909,46.0
930,908,46.0
930,963,32.0
930,955,88.0
930,968,35.0
930,904,48.0
930,962,32.0
930,930,0.0
930,971,32.0
930,903,47.0
930,931,3.0
930,980,42.0
930,948,35.0
930,990,36.0
930,958,33.0
930,988,39.0
930,969,999
930,906,47.0
930,982,43.0
930,983,46.0
930,991,49.0
930,910,47.0
930,985,4.0
930,918,3.0
930,978,38.0
930,964,31.0
930,950,36.0
930,956,33.0
930,913,999
930,899,47.0
930,989,33.0
930,915,33.0
930,917,40.0
930,961,35.0
930,959,38.0
930,912,32.0
971,960,10.0
971,957,4.0
971,970,22.0
971,919,6.0
971,951,8.0
971,907,21.0
971,911,13.0
971,965,31.0
971,940,34.0
971,905,21.0
971,909,21.0
971,908,21.0
971,963,2.0
971,955,63.0
971,968,5.0
971,904,21.0
971,962,2.0
971,930,32.0
971,971,0.0
971,903,20.0
971,931,35.0
971,980,11.0
971,948,6.0
971,990,5.0
971,958,3.0
971,988,8.0
971,969,999
971,906,22.0
971,982,12.0
971,983,17.0
971,991,20.0
971,910,22.0
971,985,29.0
971,918,31.0
971,978,7.0
971,964,1.0
971,950,7.0
971,956,3.0
971,913,999
971,899,18.0
971,989,2.0
971,915,2.0
971,917,10.0
971,961,4.0
971,959,9.0
971,912,2.0
903,960,11.0
903,957,22.0
903,970,10.0
903,919,16.0
903,951,16.0
903,907,4.0
903,911,7.0
903,965,45.0
903,940,49.0
903,905,1.0
903,909,3.0
903,908,3.0
903,963,21.0
903,955,45.0
903,968,17.0
903,904,1.0
903,962,21.0
903,930,47.0
903,971,20.0
903,903,0.0
903,931,50.0
903,980,10.0
903,948,14.0
903,990,22.0
903,958,19.0
903,988,25.0
903,969,999
903,906,4.0
903,982,11.0
903,983,5.0
903,991,8.0
903,910,4.0
903,985,44.0
903,918,46.0
903,978,15.0
903,964,20.0
903,950,15.0
903,956,21.0
903,913,999
903,899,3.0
903,989,19.0
903,915,19.0
903,917,19.0
903,961,18.0
903,959,13.0
903,912,21.0
931,960,42.0
931,957,37.0
931,970,54.0
931,919,40.0
931,951,40.0
931,907,50.0
931,911,46.0
931,965,6.0
931,940,4.0
931,905,51.0
931,909,49.0
931,908,49.0
931,963,35.0
931,955,91.0
931,968,38.0
931,904,51.0
931,962,35.0
931,930,3.0
931,971,35.0
931,903,50.0
931,931,0.0
931,980,45.0
931,948,38.0
931,990,39.0
931,958,36.0
931,988,42.0
931,969,999
931,906,50.0
931,982,46.0
931,983,49.0
931,991,52.0
931,910,50.0
931,985,7.0
931,918,6.0
931,978,41.0
931,964,34.0
931,950,39.0
931,956,36.0
931,913,999
931,899,50.0
931,989,36.0
931,915,36.0
931,917,43.0
931,961,38.0
931,959,41.0
931,912,35.0
980,960,4.0
980,957,14.0
980,970,16.0
980,919,6.0
980,951,9.0
980,907,12.0
980,911,6.0
980,965,40.0
980,940,44.0
980,905,11.0
980,909,12.0
980,908,12.0
980,963,13.0
980,955,54.0
980,968,9.0
980,904,11.0
980,962,13.0
980,930,42.0
980,971,11.0
980,903,10.0
980,931,45.0
980,980,0.0
980,948,7.0
980,990,13.0
980,958,11.0
980,988,16.0
980,969,999
980,906,13.0
980,982,2.0
980,983,9.0
980,991,14.0
980,910,13.0
980,985,39.0
980,918,40.0
980,978,5.0
980,964,12.0
980,950,8.0
980,956,13.0
980,913,999
980,899,8.0
980,989,10.0
980,915,10.0
980,917,9.0
980,961,9.0
980,959,7.0
980,912,13.0
948,960,4.0
948,957,8.0
948,970,16.0
948,919,5.0
948,951,2.0
948,907,15.0
948,911,8.0
948,965,34.0
948,940,37.0
948,905,15.0
948,909,15.0
948,908,15.0
948,963,7.0
948,955,57.0
948,968,3.0
948,904,15.0
948,962,7.0
948,930,35.0
948,971,6.0
948,903,14.0
948,931,38.0
948,980,7.0
948,948,0.0
948,990,8.0
948,958,5.0
948,988,11.0
948,969,999
948,906,16.0
948,982,8.0
948,983,11.0
948,991,14.0
948,910,16.0
948,985,32.0
948,918,34.0
948,978,4.0
948,964,6.0
948,950,1.0
948,956,7.0
948,913,999
948,899,12.0
948,989,5.0
948,915,5.0
948,917,10.0
948,961,6.0
948,959,3.0
948,912,7.0
990,960,12.0
990,957,8.0
990,970,24.0
990,919,8.0
990,951,10.0
990,907,23.0
990,911,15.0
990,965,35.0
990,940,38.0
990,905,23.0
990,909,23.0
990,908,23.0
990,963,6.0
990,955,65.0
990,968,7.0
990,904,23.0
990,962,6.0
990,930,36.0
990,971,5.0
990,903,22.0
990,931,39.0
990,980,13.0
990,948,8.0
990,990,0.0
990,958,4.0
990,988,3.0
990,969,999
990,906,24.0
990,982,13.0
990,983,18.0
990,991,22.0
990,910,24.0
990,985,33.0
990,918,34.0
990,978,8.0
990,964,5.0
990,950,9.0
990,956,7.0
990,913,999
990,899,19.0
990,989,4.0
990,915,3.0
990,917,11.0
990,961,5.0
990,959,11.0
990,912,6.0
958,960,9.0
958,957,5.0
958,970,21.0
958,919,6.0
958,951,7.0
958,907,20.0
958,911,13.0
958,965,32.0
958,940,35.0
958,905,20.0
958,909,20.0
958,908,20.0
958,963,3.0
958,955,62.0
958,968,5.0
958,904,20.0
958,962,3.0
958,930,33.0
958,971,3.0
958,903,19.0
958,931,36.0
958,980,11.0
958,948,5.0
958,990,4.0
958,958,0.0
958,988,7.0
958,969,999
958,906,21.0
958,982,11.0
958,983,16.0
958,991,19.0
958,910,21.0
958,985,30.0
958,918,32.0
958,978,6.0
958,964,2.0
958,950,6.0
958,956,4.0
958,913,999
958,899,17.0
958,989,2.0
958,915,1.0
958,917,9.0
958,961,3.0
958,959,8.0
958,912,3.0
988,960,15.0
988,957,11.0
988,970,27.0
988,919,11.0
988,951,13.0
988,907,26.0
988,911,18.0
988,965,38.0
988,940,41.0
988,905,26.0
988,909,26.0
988,908,26.0
988,963,9.0
988,955,68.0
988,968,10.0
988,904,26.0
988,962,9.0
988,930,39.0
988,971,8.0
988,903,25.0
988,931,42.0
988,980,16.0
988,948,11.0
988,990,3.0
988,958,7.0
988,988,0.0
988,969,999
988,906,27.0
988,982,16.0
988,983,21.0
988,991,25.0
988,910,27.0
988,985,36.0
988,918,37.0
988,978,11.0
988,964,8.0
988,950,12.0
988,956,10.0
988,913,999
988,899,22.0
988,989,7.0
988,915,6.0
988,917,14.0
988,961,8.0
988,959,14.0
988,912,9.0
969,960,999
969,957,999
969,970,999
969,919,999
969,951,999
969,907,999
969,911,999
969,965,999
969,940,999
969,905,999
969,909,999
969,908,999
969,963,999
969,955,999
969,968,999
969,904,999
969,962,999
969,930,999
969,971,999
969,903,999
969,931,999
969,980,999
969,948,999
969,990,999
969,958,999
969,988,999
969,969,0.0
969,906,999
969,982,999
969,983,999
969,991,999
969,910,999
969,985,999
969,918,999
969,978,999
969,964,999
969,950,999
969,956,999
969,913,999
969,899,999
969,989,999
969,915,999
969,917,999
969,961,999
969,959,999
969,912,999
906,960,13.0
906,957,24.0
906,970,9.0
906,919,18.0
906,951,18.0
906,907,1.0
906,911,9.0
906,965,46.0
906,940,49.0
906,905,4.0
906,909,1.0
906,908,2.0
906,963,23.0
906,955,43.0
906,968,19.0
906,904,5.0
906,962,23.0
906,930,47.0
906,971,22.0
906,903,4.0
906,931,50.0
906,980,13.0
906,948,16.0
906,990,24.0
906,958,21.0
906,988,27.0
906,969,999
906,906,0.0
906,982,14.0
906,983,6.0
906,991,7.0
906,910,2.0
906,985,45.0
906,918,46.0
906,978,17.0
906,964,22.0
906,950,17.0
906,956,23.0
906,913,999
906,899,6.0
906,989,21.0
906,915,21.0
906,917,22.0
906,961,21.0
906,959,14.0
906,912,23.0
982,960,6.0
982,957,14.0
982,970,18.0
982,919,6.0
982,951,10.0
982,907,14.0
982,911,8.0
982,965,42.0
982,940,45.0
982,905,12.0
982,909,13.0
982,908,14.0
982,963,13.0
982,955,55.0
982,968,11.0
982,904,12.0
982,962,13.0
982,930,43.0
982,971,12.0
982,903,11.0
982,931,46.0
982,980,2.0
982,948,8.0
982,990,13.0
982,958,11.0
982,988,16.0
982,969,999
982,906,14.0
982,982,0.0
982,983,11.0
982,991,16.0
982,910,14.0
982,985,40.0
982,918,41.0
982,978,7.0
982,964,12.0
982,950,9.0
982,956,13.0
982,913,999
982,899,10.0
982,989,10.0
982,915,10.0
982,917,8.0
982,961,9.0
982,959,9.0
982,912,13.0
983,960,13.0
983,957,18.0
983,970,8.0
983,919,13.0
983,951,13.0
983,907,5.0
983,911,12.0
983,965,45.0
983,940,48.0
983,905,6.0
983,909,5.0
983,908,6.0
983,963,17.0
983,955,47.0
983,968,14.0
983,904,6.0
983,962,17.0
983,930,46.0
983,971,17.0
983,903,5.0
983,931,49.0
983,980,9.0
983,948,11.0
983,990,18.0
983,958,16.0
983,988,21.0
983,969,999
983,906,6.0
983,982,11.0
983,983,0.0
983,991,6.0
983,910,6.0
983,985,43.0
983,918,45.0
983,978,14.0
983,964,16.0
983,950,12.0
983,956,17.0
983,913,999
983,899,8.0
983,989,15.0
983,915,15.0
983,917,18.0
983,961,16.0
983,959,14.0
983,912,17.0
991,960,13.0
991,957,21.0
991,970,2.0
991,919,18.0
991,951,16.0
991,907,6.0
991,911,9.0
991,965,48.0
991,940,51.0
991,905,9.0
991,909,6.0
991,908,7.0
991,963,21.0
991,955,48.0
991,968,17.0
991,904,9.0
991,962,21.0
991,930,49.0
991,971,20.0
991,903,8.0
991,931,52.0
991,980,14.0
991,948,14.0
991,990,22.0
991,958,19.0
991,988,25.0
991,969,999
991,906,7.0
991,982,16.0
991,983,6.0
991,991,0.0
991,910,7.0
991,985,46.0
991,918,48.0
991,978,16.0
991,964,20.0
991,950,15.0
991,956,20.0
991,913,999
991,899,9.0
991,989,19.0
991,915,19.0
991,917,22.0
991,961,19.0
991,959,12.0
991,912,21.0
910,960,13.0
910,957,24.0
910,970,9.0
910,919,18.0
910,951,18.0
910,907,2.0
910,911,9.0
910,965,46.0
910,940,49.0
910,905,4.0
910,909,1.0
910,908,2.0
910,963,23.0
910,955,43.0
910,968,19.0
910,904,5.0
910,962,23.0
910,930,47.0
910,971,22.0
910,903,4.0
910,931,50.0
910,980,13.0
910,948,16.0
910,990,24.0
910,958,21.0
910,988,27.0
910,969,999
910,906,2.0
910,982,14.0
910,983,6.0
910,991,7.0
910,910,0.0
910,985,45.0
910,918,46.0
910,978,17.0
910,964,22.0
910,950,17.0
910,956,23.0
910,913,999
910,899,6.0
910,989,21.0
910,915,21.0
910,917,22.0
910,961,21.0
910,959,14.0
910,912,23.0
985,960,36.0
985,957,31.0
985,970,48.0
985,919,34.0
985,951,34.0
985,907,45.0
985,911,40.0
985,965,2.0
985,940,6.0
985,905,45.0
985,909,44.0
985,908,44.0
985,963,29.0
985,955,86.0
985,968,32.0
985,904,45.0
985,962,29.0
985,930,4.0
985,971,29.0
985,903,44.0
985,931,7.0
985,980,39.0
985,948,32.0
985,990,33.0
985,958,30.0
985,988,36.0
985,969,999
985,906,45.0
985,982,40.0
985,983,43.0
985,991,46.0
985,910,45.0
985,985,0.0
985,918,2.0
985,978,35.0
985,964,28.0
985,950,33.0
985,956,30.0
985,913,999
985,899,44.0
985,989,30.0
985,915,30.0
985,917,37.0
985,961,32.0
985,959,35.0
985,912,29.0
918,960,38.0
918,957,33.0
918,970,50.0
918,919,36.0
918,951,36.0
918,907,46.0
918,911,42.0
918,965,3.0
918,940,5.0
918,905,47.0
918,909,45.0
918,908,46.0
918,963,31.0
918,955,87.0
918,968,34.0
918,904,47.0
918,962,31.0
918,930,3.0
918,971,31.0
918,903,46.0
918,931,6.0
918,980,40.0
918,948,34.0
918,990,34.0
918,958,32.0
918,988,37.0
918,969,999
918,906,46.0
918,982,41.0
918,983,45.0
918,991,48.0
918,910,46.0
918,985,2.0
918,918,0.0
918,978,36.0
918,964,30.0
918,950,35.0
918,956,32.0
918,913,999
918,899,46.0
918,989,32.0
918,915,31.0
918,917,39.0
918,961,33.0
918,959,37.0
918,912,31.0
978,960,8.0
978,957,9.0
978,970,18.0
978,919,2.0
978,951,6.0
978,907,16.0
978,911,9.0
978,965,37.0
978,940,40.0
978,905,16.0
978,909,16.0
978,908,17.0
978,963,8.0
978,955,58.0
978,968,7.0
978,904,16.0
978,962,8.0
978,930,38.0
978,971,7.0
978,903,15.0
978,931,41.0
978,980,5.0
978,948,4.0
978,990,8.0
978,958,6.0
978,988,11.0
978,969,999
978,906,17.0
978,982,7.0
978,983,14.0
978,991,16.0
978,910,17.0
978,985,35.0
978,918,36.0
978,978,0.0
978,964,7.0
978,950,5.0
978,956,8.0
978,913,999
978,899,13.0
978,989,5.0
978,915,5.0
978,917,7.0
978,961,5.0
978,959,7.0
978,912,8.0
964,960,9.0
964,957,3.0
964,970,22.0
964,919,7.0
964,951,8.0
964,907,21.0
964,911,14.0
964,965,30.0
964,940,33.0
964,905,21.0
964,909,21.0
964,908,21.0
964,963,1.0
964,955,63.0
964,968,4.0
964,904,21.0
964,962,1.0
964,930,31.0
964,971,1.0
964,903,20.0
964,931,34.0
964,980,12.0
964,948,6.0
964,990,5.0
964,958,2.0
964,988,8.0
964,969,999
964,906,22.0
964,982,12.0
964,983,16.0
964,991,20.0
964,910,22.0
964,985,28.0
964,918,30.0
964,978,7.0
964,964,0.0
964,950,7.0
964,956,2.0
964,913,999
964,899,18.0
964,989,2.0
964,915,2.0
964,917,9.0
964,961,4.0
964,959,9.0
964,912,1.0
950,960,5.0
950,957,9.0
950,970,17.0
950,919,6.0
950,951,3.0
950,907,16.0
950,911,9.0
950,965,35.0
950,940,38.0
950,905,16.0
950,909,16.0
950,908,16.0
950,963,8.0
950,955,58.0
950,968,4.0
950,904,16.0
950,962,8.0
950,930,36.0
950,971,7.0
950,903,15.0
950,931,39.0
950,980,8.0
950,948,1.0
950,990,9.0
950,958,6.0
950,988,12.0
950,969,999
950,906,17.0
950,982,9.0
950,983,12.0
950,991,15.0
950,910,17.0
950,985,33.0
950,918,35.0
950,978,5.0
950,964,7.0
950,950,0.0
950,956,8.0
950,913,999
950,899,13.0
950,989,6.0
950,915,6.0
950,917,11.0
950,961,7.0
950,959,4.0
950,912,8.0
956,960,11.0
956,957,1.0
956,970,22.0
956,919,8.0
956,951,9.0
956,907,22.0
956,911,15.0
956,965,32.0
956,940,35.0
956,905,22.0
956,909,22.0
956,908,22.0
956,963,3.0
956,955,64.0
956,968,5.0
956,904,22.0
956,962,3.0
956,930,33.0
956,971,3.0
956,903,21.0
956,931,36.0
956,980,13.0
956,948,7.0
956,990,7.0
956,958,4.0
956,988,10.0
956,969,999
956,906,23.0
956,982,13.0
956,983,17.0
956,991,20.0
956,910,23.0
956,985,30.0
956,918,32.0
956,978,8.0
956,964,2.0
956,950,8.0
956,956,0.0
956,913,999
956,899,19.0
956,989,4.0
956,915,4.0
956,917,11.0
956,961,5.0
956,959,10.0
956,912,3.0
913,960,999
913,957,999
913,970,999
913,919,999
913,951,999
913,907,999
913,911,999
913,965,999
913,940,999
913,905,999
913,909,999
913,908,999
913,963,999
913,955,999
913,968,999
913,904,999
913,962,999
913,930,999
913,971,999
913,903,999
913,931,999
913,980,999
913,948,999
913,990,999
913,958,999
913,988,999
913,969,999
913,906,999
913,982,999
913,983,999
913,991,999
913,910,999
913,985,999
913,918,999
913,978,999
913,964,999
913,950,999
913,956,999
913,913,0.0
913,899,999
913,989,999
913,915,999
913,917,999
913,961,999
913,959,999
913,912,999
899,960,10.0
899,957,20.0
899,970,11.0
899,919,13.0
899,951,14.0
899,907,6.0
899,911,5.0
899,965,46.0
899,940,49.0
899,905,4.0
899,909,5.0
899,908,6.0
899,963,19.0
899,955,47.0
899,968,15.0
899,904,4.0
899,962,19.0
899,930,47.0
899,971,18.0
899,903,3.0
899,931,50.0
899,980,8.0
899,948,12.0
899,990,19.0
899,958,17.0
899,988,22.0
899,969,999
899,906,6.0
899,982,10.0
899,983,8.0
899,991,9.0
899,910,6.0
899,985,44.0
899,918,46.0
899,978,13.0
899,964,18.0
899,950,13.0
899,956,19.0
899,913,999
899,899,0.0
899,989,16.0
899,915,16.0
899,917,17.0
899,961,16.0
899,959,11.0
899,912,19.0
989,960,8.0
989,957,5.0
989,970,21.0
989,919,5.0
989,951,7.0
989,907,20.0
989,911,12.0
989,965,32.0
989,940,35.0
989,905,20.0
989,909,20.0
989,908,20.0
989,963,3.0
989,955,62.0
989,968,3.0
989,904,20.0
989,962,3.0
989,930,33.0
989,971,2.0
989,903,19.0
989,931,36.0
989,980,10.0
989,948,5.0
989,990,4.0
989,958,2.0
989,988,7.0
989,969,999
989,906,21.0
989,982,10.0
989,983,15.0
989,991,19.0
989,910,21.0
989,985,30.0
989,918,32.0
989,978,5.0
989,964,2.0
989,950,6.0
989,956,4.0
989,913,999
989,899,16.0
989,989,0.0
989,915,1.0
989,917,8.0
989,961,2.0
989,959,8.0
989,912,3.0
915,960,9.0
915,957,5.0
915,970,21.0
915,919,5.0
915,951,7.0
915,907,20.0
915,911,12.0
915,965,32.0
915,940,35.0
915,905,20.0
915,909,20.0
915,908,20.0
915,963,3.0
915,955,62.0
915,968,4.0
915,904,20.0
915,962,3.0
915,930,33.0
915,971,2.0
915,903,19.0
915,931,36.0
915,980,10.0
915,948,5.0
915,990,3.0
915,958,1.0
915,988,6.0
915,969,999
915,906,21.0
915,982,10.0
915,983,15.0
915,991,19.0
915,910,21.0
915,985,30.0
915,918,31.0
915,978,5.0
915,964,2.0
915,950,6.0
915,956,4.0
915,913,999
915,899,16.0
915,989,1.0
915,915,0.0
915,917,8.0
915,961,2.0
915,959,8.0
915,912,3.0
917,960,11.0
917,957,12.0
917,970,24.0
917,919,5.0
917,951,12.0
917,907,21.0
917,911,14.0
917,965,39.0
917,940,42.0
917,905,20.0
917,909,21.0
917,908,21.0
917,963,10.0
917,955,63.0
917,968,10.0
917,904,20.0
917,962,10.0
917,930,40.0
917,971,10.0
917,903,19.0
917,931,43.0
917,980,9.0
917,948,10.0
917,990,11.0
917,958,9.0
917,988,14.0
917,969,999
917,906,22.0
917,982,8.0
917,983,18.0
917,991,22.0
917,910,22.0
917,985,37.0
917,918,39.0
917,978,7.0
917,964,9.0
917,950,11.0
917,956,11.0
917,913,999
917,899,17.0
917,989,8.0
917,915,8.0
917,917,0.0
917,961,8.0
917,959,13.0
917,912,10.0
961,960,9.0
961,957,6.0
961,970,21.0
961,919,3.0
961,951,8.0
961,907,20.0
961,911,12.0
961,965,34.0
961,940,37.0
961,905,19.0
961,909,20.0
961,908,21.0
961,963,5.0
961,955,62.0
961,968,5.0
961,904,19.0
961,962,5.0
961,930,35.0
961,971,4.0
961,903,18.0
961,931,38.0
961,980,9.0
961,948,6.0
961,990,5.0
961,958,3.0
961,988,8.0
961,969,999
961,906,21.0
961,982,9.0
961,983,16.0
961,991,19.0
961,910,21.0
961,985,32.0
961,918,33.0
961,978,5.0
961,964,4.0
961,950,7.0
961,956,5.0
961,913,999
961,899,16.0
961,989,2.0
961,915,2.0
961,917,8.0
961,961,0.0
961,959,9.0
961,912,5.0
959,960,7.0
959,957,11.0
959,970,14.0
959,919,8.0
959,951,5.0
959,907,13.0
959,911,6.0
959,965,37.0
959,940,40.0
959,905,14.0
959,909,13.0
959,908,14.0
959,963,10.0
959,955,55.0
959,968,6.0
959,904,14.0
959,962,10.0
959,930,38.0
959,971,9.0
959,903,13.0
959,931,41.0
959,980,7.0
959,948,3.0
959,990,11.0
959,958,8.0
959,988,14.0
959,969,999
959,906,14.0
959,982,9.0
959,983,14.0
959,991,12.0
959,910,14.0
959,985,35.0
959,918,37.0
959,978,7.0
959,964,9.0
959,950,4.0
959,956,10.0
959,913,999
959,899,11.0
959,989,8.0
959,915,8.0
959,917,13.0
959,961,9.0
959,959,0.0
959,912,10.0
912,960,10.0
912,957,4.0
912,970,23.0
912,919,8.0
912,951,9.0
912,907,22.0
912,911,15.0
912,965,31.0
912,940,34.0
912,905,22.0
912,909,22.0
912,908,22.0
912,963,2.0
912,955,64.0
912,968,5.0
912,904,22.0
912,962,2.0
912,930,32.0
912,971,2.0
912,903,21.0
912,931,35.0
912,980,13.0
912,948,7.0
912,990,6.0
912,958,3.0
912,988,9.0
912,969,999
912,906,23.0
912,982,13.0
912,983,17.0
912,991,21.0
912,910,23.0
912,985,29.0
912,918,31.0
912,978,8.0
912,964,1.0
912,950,8.0
912,956,3.0
912,913,999
912,899,19.0
912,989,3.0
912,915,3.0
912,917,10.0
912,961,5.0
912,959,10.0
912,912,0.0
