1011,1011,0.0
1011,1006,999
1011,1016,999
1011,1008,999
1011,1015,999
1011,1010,999
1011,1019,999
1011,1014,999
1011,1012,999
1011,1013,999
1011,1009,999
1011,1007,999
1011,1017,999
1011,1005,999
1011,1003,999
1011,1018,999
1006,1011,999
1006,1006,0.0
1006,1016,999
1006,1008,999
1006,1015,999
1006,1010,999
1006,1019,999
1006,1014,999
1006,1012,999
1006,1013,999
1006,1009,999
1006,1007,999
1006,1017,999
1006,1005,999
1006,1003,999
1006,1018,999
1016,1011,999
1016,1006,999
1016,1016,0.0
1016,1008,20.527
1016,1015,999
1016,1010,999
1016,1019,999
1016,1014,999
1016,1012,999
1016,1013,999
1016,1009,20.5558213
1016,1007,20.5601658
1016,1017,999
1016,1005,20.619685
1016,1003,23.02558
1016,1018,999
1008,1011,999
1008,1006,999
1008,1016,20.527
1008,1008,0.0
1008,1015,999
1008,1010,999
1008,1019,999
1008,1014,999
1008,1012,999
1008,1013,999
1008,1009,0.0288213
1008,1007,0.0331658
1008,1017,999
1008,1005,0.092685
1008,1003,2.49858
1008,1018,999
1015,1011,999
1015,1006,999
1015,1016,999
1015,1008,999
1015,1015,0.0
1015,1010,999
1015,1019,999
1015,1014,999
1015,1012,999
1015,1013,999
1015,1009,999
1015,1007,999
1015,1017,999
1015,1005,999
1015,1003,999
1015,1018,999
1010,1011,999
1010,1006,999
1010,1016,999
1010,1008,999
1010,1015,999
1010,1010,0.0
1010,1019,999
1010,1014,999
1010,1012,999
1010,1013,999
1010,1009,999
1010,1007,999
1010,1017,999
1010,1005,999
1010,1003,999
1010,1018,999
1019,1011,999
1019,1006,999
1019,1016,999
1019,1008,999
1019,1015,999
1019,1010,999
1019,1019,0.0
1019,1014,999
1019,1012,999
1019,1013,999
1019,1009,999
1019,1007,999
1019,1017,999
1019,1005,999
1019,1003,999
1019,1018,999
1014,1011,999
1014,1006,999
1014,1016,999
1014,1008,999
1014,1015,999
1014,1010,999
1014,1019,999
1014,1014,0.0
1014,1012,999
1014,1013,999
1014,1009,999
1014,1007,999
1014,1017,999
1014,1005,999
1014,1003,999
1014,1018,999
1012,1011,999
1012,1006,999
1012,1016,999
1012,1008,999
1012,1015,999
1012,1010,999
1012,1019,999
1012,1014,999
1012,1012,0.0
1012,1013,999
1012,1009,999
1012,1007,999
1012,1017,999
1012,1005,999
1012,1003,999
1012,1018,999
1013,1011,999
1013,1006,999
1013,1016,999
1013,1008,999
1013,1015,999
1013,1010,999
1013,1019,999
1013,1014,999
1013,1012,999
1013,1013,0.0
1013,1009,999
1013,1007,999
1013,1017,999
1013,1005,999
1013,1003,999
1013,1018,999
1009,1011,999
1009,1006,999
1009,1016,20.5558213
1009,1008,0.0288213
1009,1015,999
1009,1010,999
1009,1019,999
1009,1014,999
1009,1012,999
1009,1013,999
1009,1009,0.0
1009,1007,0.0619871
1009,1017,999
1009,1005,0.1215063
1009,1003,2.5274013
1009,1018,999
1007,1011,999
1007,1006,999
1007,1016,20.5601658
1007,1008,0.0331658
1007,1015,999
1007,1010,999
1007,1019,999
1007,1014,999
1007,1012,999
1007,1013,999
1007,1009,0.0619871
1007,1007,0.0
1007,1017,999
1007,1005,0.1258508
1007,1003,2.5317458
1007,1018,999
1017,1011,999
1017,1006,999
1017,1016,999
1017,1008,999
1017,1015,999
1017,1010,999
1017,1019,999
1017,1014,999
1017,1012,999
1017,1013,999
1017,1009,999
1017,1007,999
1017,1017,0.0
1017,1005,999
1017,1003,999
1017,1018,999
1005,1011,999
1005,1006,999
1005,1016,20.619685
1005,1008,0.092685
1005,1015,999
1005,1010,999
1005,1019,999
1005,1014,999
1005,1012,999
1005,1013,999
1005,1009,0.1215063
1005,1007,0.1258508
1005,1017,999
1005,1005,0.0
1005,1003,2.591265
1005,1018,999
1003,1011,999
1003,1006,999
1003,1016,23.02558
1003,1008,2.49858
1003,1015,999
1003,1010,999
1003,1019,999
1003,1014,999
1003,1012,999
1003,1013,999
1003,1009,2.5274013
1003,1007,2.5317458
1003,1017,999
1003,1005,2.591265
1003,1003,0.0
1003,1018,999
1018,1011,999
1018,1006,999
1018,1016,999
1018,1008,999
1018,1015,999
1018,1010,999
1018,1019,999
1018,1014,999
1018,1012,999
1018,1013,999
1018,1009,999
1018,1007,999
1018,1017,999
1018,1005,999
1018,1003,999
1018,1018,0.0
