1312,1312,0.0
1312,1310,4.5
1312,1291,6.0
1312,1293,5.0
1312,1308,5.0
1312,1309,5.0
1312,1304,2.722358
1312,1306,5.0
1312,1292,3.0
1312,1316,5.7914
1312,1307,6.28552
1312,1298,2.5
1312,1294,3.215788
1312,1305,2.5
1312,1299,999
1312,1295,4.0
1312,1301,3.0
1312,1311,999
1312,1296,3.5
1312,1314,999
1312,1315,4.5
1312,1313,0.5
1310,1312,4.5
1310,1310,0.0
1310,1291,5.5
1310,1293,4.5
1310,1308,2.5
1310,1309,3.5710684957
1310,1304,4.222358
1310,1306,2.5710684957
1310,1292,6.5
1310,1316,4.3624684957
1310,1307,4.8565884957
1310,1298,4.0
1310,1294,6.715788
1310,1305,2.0
1310,1299,999
1310,1295,7.5
1310,1301,2.5
1310,1311,999
1310,1296,7.0
1310,1314,999
1310,1315,4.0
1310,1313,4.0
1291,1312,6.0
1291,1310,5.5
1291,1291,0.0
1291,1293,1.0
1291,1308,5.0
1291,1309,6.0710684957
1291,1304,6.722358
1291,1306,5.0710684957
1291,1292,3.0
1291,1316,6.8624684957
1291,1307,7.3565884957
1291,1298,6.5
1291,1294,3.215788
1291,1305,3.5
1291,1299,999
1291,1295,4.0
1291,1301,4.0
1291,1311,999
1291,1296,3.5
1291,1314,999
1291,1315,1.5
1291,1313,5.5
1293,1312,5.0
1293,1310,4.5
1293,1291,1.0
1293,1293,0.0
1293,1308,4.0
1293,1309,5.0710684957
1293,1304,5.722358
1293,1306,4.0710684957
1293,1292,3.0
1293,1316,5.8624684957
1293,1307,6.3565884957
1293,1298,5.5
1293,1294,3.215788
1293,1305,2.5
1293,1299,999
1293,1295,4.0
1293,1301,3.0
1293,1311,999
1293,1296,3.5
1293,1314,999
1293,1315,0.5
1293,1313,4.5
1308,1312,5.0
1308,1310,2.5
1308,1291,5.0
1308,1293,4.0
1308,1308,0.0
1308,1309,1.0710684957
1308,1304,2.722358
1308,1306,0.0710684956979
1308,1292,6.0
1308,1316,1.8624684957
1308,1307,2.3565884957
1308,1298,2.5
1308,1294,6.215788
1308,1305,3.5
1308,1299,999
1308,1295,7.0
1308,1301,4.0
1308,1311,999
1308,1296,6.5
1308,1314,999
1308,1315,3.5
1308,1313,4.5
1309,1312,5.0
1309,1310,3.5710684957
1309,1291,6.0710684957
1309,1293,5.0710684957
1309,1308,1.0710684957
1309,1309,0.0
1309,1304,2.722358
1309,1306,1.0
1309,1292,6.0
1309,1316,2.7914
1309,1307,3.28552
1309,1298,2.5
1309,1294,6.215788
1309,1305,4.5710684957
1309,1299,999
1309,1295,7.0
1309,1301,5.0710684957
1309,1311,999
1309,1296,6.5
1309,1314,999
1309,1315,4.5710684957
1309,1313,4.5
1304,1312,2.722358
1304,1310,4.222358
1304,1291,6.722358
1304,1293,5.722358
1304,1308,2.722358
1304,1309,2.722358
1304,1304,0.0
1304,1306,2.722358
1304,1292,3.722358
1304,1316,4.513758
1304,1307,4.007878
1304,1298,0.222358
1304,1294,3.938146
1304,1305,3.222358
1304,1299,999
1304,1295,4.722358
1304,1301,3.722358
1304,1311,999
1304,1296,4.222358
1304,1314,999
1304,1315,5.222358
1304,1313,2.222358
1306,1312,5.0
1306,1310,2.5710684957
1306,1291,5.0710684957
1306,1293,4.0710684957
1306,1308,0.0710684956979
1306,1309,1.0
1306,1304,2.722358
1306,1306,0.0
1306,1292,6.0
1306,1316,1.7914
1306,1307,2.28552
1306,1298,2.5
1306,1294,6.215788
1306,1305,3.5710684957
1306,1299,999
1306,1295,7.0
1306,1301,4.0710684957
1306,1311,999
1306,1296,6.5
1306,1314,999
1306,1315,3.5710684957
1306,1313,4.5
1292,1312,3.0
1292,1310,6.5
1292,1291,3.0
1292,1293,3.0
1292,1308,6.0
1292,1309,6.0
1292,1304,3.722358
1292,1306,6.0
1292,1292,0.0
1292,1316,7.7914
1292,1307,7.28552
1292,1298,3.5
1292,1294,0.215788
1292,1305,4.5
1292,1299,999
1292,1295,1.0
1292,1301,5.0
1292,1311,999
1292,1296,0.5
1292,1314,999
1292,1315,2.5
1292,1313,2.5
1316,1312,5.7914
1316,1310,4.3624684957
1316,1291,6.8624684957
1316,1293,5.8624684957
1316,1308,1.8624684957
1316,1309,2.7914
1316,1304,4.513758
1316,1306,1.7914
1316,1292,7.7914
1316,1316,0.0
1316,1307,4.07692
1316,1298,4.2914
1316,1294,8.007188
1316,1305,5.3624684957
1316,1299,999
1316,1295,8.7914
1316,1301,5.8624684957
1316,1311,999
1316,1296,8.2914
1316,1314,999
1316,1315,5.3624684957
1316,1313,5.2914
1307,1312,6.28552
1307,1310,4.8565884957
1307,1291,7.3565884957
1307,1293,6.3565884957
1307,1308,2.3565884957
1307,1309,3.28552
1307,1304,4.007878
1307,1306,2.28552
1307,1292,7.28552
1307,1316,4.07692
1307,1307,0.0
1307,1298,3.78552
1307,1294,7.501308
1307,1305,5.8565884957
1307,1299,999
1307,1295,8.28552
1307,1301,6.3565884957
1307,1311,999
1307,1296,7.78552
1307,1314,999
1307,1315,5.8565884957
1307,1313,5.78552
1298,1312,2.5
1298,1310,4.0
1298,1291,6.5
1298,1293,5.5
1298,1308,2.5
1298,1309,2.5
1298,1304,0.222358
1298,1306,2.5
1298,1292,3.5
1298,1316,4.2914
1298,1307,3.78552
1298,1298,0.0
1298,1294,3.715788
1298,1305,3.0
1298,1299,999
1298,1295,4.5
1298,1301,3.5
1298,1311,999
1298,1296,4.0
1298,1314,999
1298,1315,5.0
1298,1313,2.0
1294,1312,3.215788
1294,1310,6.715788
1294,1291,3.215788
1294,1293,3.215788
1294,1308,6.215788
1294,1309,6.215788
1294,1304,3.938146
1294,1306,6.215788
1294,1292,0.215788
1294,1316,8.007188
1294,1307,7.501308
1294,1298,3.715788
1294,1294,0.0
1294,1305,4.715788
1294,1299,999
1294,1295,1.215788
1294,1301,5.215788
1294,1311,999
1294,1296,0.715788
1294,1314,999
1294,1315,2.715788
1294,1313,2.715788
1305,1312,2.5
1305,1310,2.0
1305,1291,3.5
1305,1293,2.5
1305,1308,3.5
1305,1309,4.5710684957
1305,1304,3.222358
1305,1306,3.5710684957
1305,1292,4.5
1305,1316,5.3624684957
1305,1307,5.8565884957
1305,1298,3.0
1305,1294,4.715788
1305,1305,0.0
1305,1299,999
1305,1295,5.5
1305,1301,0.5
1305,1311,999
1305,1296,5.0
1305,1314,999
1305,1315,2.0
1305,1313,2.0
1299,1312,999
1299,1310,999
1299,1291,999
1299,1293,999
1299,1308,999
1299,1309,999
1299,1304,999
1299,1306,999
1299,1292,999
1299,1316,999
1299,1307,999
1299,1298,999
1299,1294,999
1299,1305,999
1299,1299,0.0
1299,1295,999
1299,1301,999
1299,1311,999
1299,1296,999
1299,1314,999
1299,1315,999
1299,1313,999
1295,1312,4.0
1295,1310,7.5
1295,1291,4.0
1295,1293,4.0
1295,1308,7.0
1295,1309,7.0
1295,1304,4.722358
1295,1306,7.0
1295,1292,1.0
1295,1316,8.7914
1295,1307,8.28552
1295,1298,4.5
1295,1294,1.215788
1295,1305,5.5
1295,1299,999
1295,1295,0.0
1295,1301,6.0
1295,1311,999
1295,1296,0.5
1295,1314,999
1295,1315,3.5
1295,1313,3.5
1301,1312,3.0
1301,1310,2.5
1301,1291,4.0
1301,1293,3.0
1301,1308,4.0
1301,1309,5.0710684957
1301,1304,3.722358
1301,1306,4.0710684957
1301,1292,5.0
1301,1316,5.8624684957
1301,1307,6.3565884957
1301,1298,3.5
1301,1294,5.215788
1301,1305,0.5
1301,1299,999
1301,1295,6.0
1301,1301,0.0
1301,1311,999
1301,1296,5.5
1301,1314,999
1301,1315,2.5
1301,1313,2.5
1311,1312,999
1311,1310,999
1311,1291,999
1311,1293,999
1311,1308,999
1311,1309,999
1311,1304,999
1311,1306,999
1311,1292,999
1311,1316,999
1311,1307,999
1311,1298,999
1311,1294,999
1311,1305,999
1311,1299,999
1311,1295,999
1311,1301,999
1311,1311,0.0
1311,1296,999
1311,1314,999
1311,1315,999
1311,1313,999
1296,1312,3.5
1296,1310,7.0
1296,1291,3.5
1296,1293,3.5
1296,1308,6.5
1296,1309,6.5
1296,1304,4.222358
1296,1306,6.5
1296,1292,0.5
1296,1316,8.2914
1296,1307,7.78552
1296,1298,4.0
1296,1294,0.715788
1296,1305,5.0
1296,1299,999
1296,1295,0.5
1296,1301,5.5
1296,1311,999
1296,1296,0.0
1296,1314,999
1296,1315,3.0
1296,1313,3.0
1314,1312,999
1314,1310,999
1314,1291,999
1314,1293,999
1314,1308,999
1314,1309,999
1314,1304,999
1314,1306,999
1314,1292,999
1314,1316,999
1314,1307,999
1314,1298,999
1314,1294,999
1314,1305,999
1314,1299,999
1314,1295,999
1314,1301,999
1314,1311,999
1314,1296,999
1314,1314,0.0
1314,1315,999
1314,1313,999
1315,1312,4.5
1315,1310,4.0
1315,1291,1.5
1315,1293,0.5
1315,1308,3.5
1315,1309,4.5710684957
1315,1304,5.222358
1315,1306,3.5710684957
1315,1292,2.5
1315,1316,5.3624684957
1315,1307,5.8565884957
1315,1298,5.0
1315,1294,2.715788
1315,1305,2.0
1315,1299,999
1315,1295,3.5
1315,1301,2.5
1315,1311,999
1315,1296,3.0
1315,1314,999
1315,1315,0.0
1315,1313,4.0
1313,1312,0.5
1313,1310,4.0
1313,1291,5.5
1313,1293,4.5
1313,1308,4.5
1313,1309,4.5
1313,1304,2.222358
1313,1306,4.5
1313,1292,2.5
1313,1316,5.2914
1313,1307,5.78552
1313,1298,2.0
1313,1294,2.715788
1313,1305,2.0
1313,1299,999
1313,1295,3.5
1313,1301,2.5
1313,1311,999
1313,1296,3.0
1313,1314,999
1313,1315,4.0
1313,1313,0.0
