1530,1530,0.0
1530,1532,999
1530,1533,999
1530,1535,999
1530,1531,999
1530,1536,999
1530,1534,999
1532,1530,999
1532,1532,0.0
1532,1533,0.5
1532,1535,67.7099
1532,1531,999
1532,1536,67.7099
1532,1534,999
1533,1530,999
1533,1532,0.5
1533,1533,0.0
1533,1535,68.2099
1533,1531,999
1533,1536,68.2099
1533,1534,999
1535,1530,999
1535,1532,67.7099
1535,1533,68.2099
1535,1535,0.0
1535,1531,999
1535,1536,1.0
1535,1534,999
1531,1530,999
1531,1532,999
1531,1533,999
1531,1535,999
1531,1531,0.0
1531,1536,999
1531,1534,999
1536,1530,999
1536,1532,67.7099
1536,1533,68.2099
1536,1535,1.0
1536,1531,999
1536,1536,0.0
1536,1534,999
1534,1530,999
1534,1532,999
1534,1533,999
1534,1535,999
1534,1531,999
1534,1536,999
1534,1534,0.0
